1;1520411592249;216;1520411659954
2;1520411660323;216;1520411733266
3;1520411733875;216;1520411808627
4;1520411809173;216;1520411884491
5;1520411885491;216;1520411958706
6;1520411958993;216;1520412035639
7;1520412036603;216;1520412108203
8;1520412109124;216;1520412192027
9;1520412192469;216;1520412261961
10;1520412261977;216;1520412330740
11;1520412331427;216;1520412412189
12;1520412412765;216;1520412500275
13;1520412501252;216;1520412582195
14;1520412582645;216;1520412664602
15;1520412665176;216;1520412747717
16;1520412747954;216;1520412823919
17;1520412824664;216;1520412913690
18;1520412914400;216;1520412993079
19;1520412993393;216;1520413060646
20;1520413060903;216;1520413125183
21;1520413125823;216;1520413182455
22;1520413183240;216;1520413243146
23;1520413244148;216;1520413310317
24;1520413310642;216;1520413381772
25;1520413382115;216;1520413451862
26;1520413452854;216;1520413525887
27;1520413526878;216;1520413583440
28;1520413584306;216;1520413635283
29;1520413635818;216;1520413683410
30;1520413684417;216;1520413742887
31;1520413743877;216;1520413822112
32;1520413822867;216;1520413890288
33;1520413890322;216;1520413968846
34;1520413968862;216;1520414060559
35;1520414060642;216;1520414150536
36;1520414151503;216;1520414229295
37;1520414230065;216;1520414275962
38;1520414276654;216;1520414317331
39;1520414318032;216;1520414354905
40;1520414355186;216;1520414384065
41;1520414384323;216;1520414433656
42;1520414433811;216;1520414474670
43;1520414475209;216;1520414503745
44;1520414504393;216;1520414532542
45;1520414533543;216;1520414571686
46;1520414571807;216;1520414605004
47;1520414605055;216;1520414639872
48;1520414640554;216;1520414674981
49;1520414675764;216;1520414703818
50;1520414703949;216;1520414726445
51;1520414727095;216;1520414761046
52;1520414761531;216;1520414794225
53;1520414794777;216;1520414841327
54;1520414841414;216;1520414886224
55;1520414887215;216;1520414929537
56;1520414930477;216;1520414970216
57;1520414970868;216;1520415005946
58;1520415006146;216;1520415055327
59;1520415056290;216;1520415091482
60;1520415092472;216;1520415124379
61;1520415124737;216;1520415153803
62;1520415154015;216;1520415182549
63;1520415183229;216;1520415220082
64;1520415220383;216;1520415261982
65;1520415262545;216;1520415301900
66;1520415302742;216;1520415338428
67;1520415338924;216;1520415399027
68;1520415399346;216;1520415437895
69;1520415438545;216;1520415487272
70;1520415487346;216;1520415532888
71;1520415533533;216;1520415581520
72;1520415582380;216;1520415628222
73;1520415628730;216;1520415674970
74;1520415675072;216;1520415722423
75;1520415723172;216;1520415764313
76;1520415764476;216;1520415804269
0.152542;12.724923
0.026846;12.693086
0.034483;12.672627
0.045802;12.554076
0.020134;12.779542
0.050725;12.697085
0.093525;12.785011
0.025157;12.887463
0.037975;12.899125
0.025316;12.878046
0.050725;12.624071
0.088889;12.668241
0.093525;12.807096
0.122137;12.776214
0.074074;12.774046
0.078125;12.712978
0.030864;12.957330
0.041667;13.020488
0.044872;12.900054
0.023810;12.946468
0.006993;12.604618
0.006803;12.610242
0.006711;12.630831
0.020833;12.605160
0.064516;12.780522
0.070175;13.047939
0.026316;12.784083
0.000000;12.785011
0.017964;12.839166
0.012422;12.686868
0.023256;12.841436
0.073826;12.766668
0.043796;12.608926
0.067164;12.690609
0.122951;12.701548
0.074627;12.772266
0.097015;12.772963
0.055215;12.990586
0.031056;12.960348
0.057143;12.753381
0.021277;12.609081
0.027027;12.685191
0.060150;12.588003
0.021898;12.545175
0.021739;12.550386
0.072581;12.498580
0.014184;12.563338
0.044776;12.634314
0.014085;12.572910
0.044444;12.561635
0.006803;12.599484
0.036496;12.580804
0.027778;12.597497
0.145299;12.651935
0.108333;12.635036
0.044776;12.701368
0.029197;12.681218
0.081967;12.624845
0.007042;12.601083
0.029197;12.643860
0.014184;12.661636
0.078740;12.566950
0.088710;12.597187
0.144144;12.530907
0.014184;12.569968
0.027586;12.639370
0.028777;12.589035
0.037313;12.532120
0.037037;12.537331
0.070866;12.692209
0.129310;12.643189
0.159292;12.667080
0.082645;12.667312
0.169643;12.669866
0.076923;12.756941
0.061538;12.651393
