1;1520710615913;36;1520710625394
2;1520710626315;32;1520710633406
3;1520710633487;0;1520710688720
4;1520710688753;1;1520710689748
5;1520710689805;0;1520710743267
6;1520710744207;35;1520710751026
7;1520710751277;9;1520710753266
8;1520710753318;0;1520710804174
9;1520710804650;36;1520710810892
10;1520710811725;36;1520710817989
11;1520710818800;0;1520710881341
12;1520710882316;0;1520710942326
13;1520710942534;0;1520710998717
14;1520710998745;0;1520711055440
15;1520711055946;0;1520711115289
16;1520711116004;0;1520711168839
17;1520711169194;36;1520711175771
18;1520711176260;36;1520711183978
19;1520711184303;36;1520711191474
20;1520711192360;36;1520711207199
21;1520711208111;72;1520711217617
22;1520711218182;72;1520711228189
23;1520711228257;36;1520711233910
24;1520711234308;36;1520711241221
25;1520711241365;36;1520711247526
26;1520711248422;72;1520711258495
27;1520711259485;72;1520711268823
28;1520711269540;72;1520711293017
29;1520711293188;72;1520711300937
30;1520711301250;57;1520711310588
31;1520711311338;36;1520711318813
32;1520711319417;36;1520711326122
33;1520711326465;3;1520711327879
34;1520711328514;0;1520711387742
35;1520711388685;0;1520711455537
36;1520711455873;0;1520711514164
37;1520711515096;0;1520711566417
38;1520711567291;36;1520711575449
39;1520711576412;36;1520711583612
40;1520711584489;72;1520711594497
41;1520711594581;36;1520711602605
42;1520711602667;36;1520711609443
43;1520711609744;72;1520711624424
44;1520711624486;72;1520711634106
45;1520711634635;0;1520711686858
46;1520711687806;36;1520711693704
47;1520711693873;36;1520711700430
48;1520711700934;36;1520711706763
49;1520711707008;72;1520711717261
50;1520711718065;87;1520711728721
51;1520711729156;36;1520711735338
52;1520711736219;36;1520711775155
53;1520711776147;0;1520711838188
54;1520711838364;0;1520711896535
55;1520711896604;0;1520711954615
56;1520711954845;36;1520711962525
57;1520711962981;36;1520711968866
58;1520711969041;66;1520711977889
59;1520711978107;72;1520711987794
60;1520711988191;40;1520711995555
61;1520711996270;72;1520712021100
62;1520712021933;72;1520712034496
63;1520712035036;36;1520712041947
64;1520712042110;36;1520712049437
65;1520712050189;36;1520712056932
66;1520712057264;36;1520712064332
67;1520712065336;36;1520712073776
68;1520712074399;23;1520712080345
69;1520712080455;0;1520712145879
70;1520712146672;0;1520712202363
71;1520712202864;0;1520712314929
72;1520712315756;0;1520712377289
73;1520712377967;0;1520712438533
74;1520712439195;0;1520712497591
75;1520712498421;0;1520712550634
76;1520712550649;37;1520712558266
0.181818;12.795177
0.020000;12.697911
0.031847;12.758437
0.051095;12.603354
0.084615;12.677529
0.050000;12.712539
0.062069;12.800053
0.060000;12.847318
0.045455;12.868552
0.038961;12.857974
0.035714;12.628896
0.114754;12.557043
0.137097;12.742390
0.097744;12.784315
0.072993;12.803071
0.087302;12.693060
0.075342;12.875028
0.041420;13.030524
0.030303;12.962128
0.028249;13.019559
0.014184;12.599406
0.013072;12.660268
0.020690;12.612280
0.053030;12.536815
0.073826;12.746260
0.078313;13.007175
0.040816;12.753974
0.025157;12.759727
0.011834;12.834341
0.006536;12.625567
0.036145;12.805600
0.043750;12.846338
0.035714;12.619350
0.056738;12.746002
0.157025;12.729619
0.066667;12.767906
0.048951;12.829929
0.041916;13.010452
0.037975;12.940276
0.027778;12.750723
0.040816;12.707818
0.060606;12.589886
0.051095;12.615996
0.006944;12.578353
0.045802;12.524483
0.061538;12.526237
0.006711;12.619092
0.014184;12.657534
0.035971;12.578173
0.014085;12.578199
0.000000;12.639861
0.063492;12.494374
0.045802;12.519658
0.111940;12.757251
0.085938;12.671208
0.090909;12.627941
0.062992;12.627580
0.062500;12.659185
0.021739;12.581011
0.013889;12.684159
0.036232;12.668524
0.037879;12.523993
0.100000;12.574200
0.037594;12.620640
0.020979;12.589731
0.029197;12.549664
0.029412;12.542156
0.045802;12.521464
0.029630;12.539241
0.098361;12.673065
0.142857;12.613545
0.172727;12.649097
0.155963;12.618060
0.118644;12.677812
0.097561;12.706760
0.081967;12.596491
