1;1520700520818;36;1520700531972
2;1520700532245;36;1520700541098
3;1520700541423;11;1520700544706
4;1520700545650;0;1520700610222
5;1520700610907;10;1520700614891
6;1520700614975;0;1520700678671
7;1520700679183;16;1520700683338
8;1520700684237;0;1520700747919
9;1520700748420;36;1520700755938
10;1520700756489;36;1520700771367
11;1520700772086;0;1520700840066
12;1520700840284;0;1520700917105
13;1520700917570;0;1520700994743
14;1520700994803;10;1520700998605
15;1520700998888;0;1520701069668
16;1520701069877;35;1520701079274
17;1520701079971;36;1520701088077
18;1520701089023;3;1520701090249
19;1520701091080;36;1520701098103
20;1520701098140;36;1520701105095
21;1520701105192;72;1520701128945
22;1520701129257;72;1520701141036
23;1520701141329;36;1520701147982
24;1520701148387;36;1520701155696
25;1520701156445;36;1520701163885
26;1520701164513;72;1520701195855
27;1520701196158;72;1520701208195
28;1520701208248;72;1520701218584
29;1520701219326;108;1520701234244
30;1520701234415;70;1520701251317
31;1520701251607;7;1520701254218
32;1520701254690;36;1520701262241
33;1520701262749;0;1520701330613
34;1520701330997;0;1520701418353
35;1520701419112;0;1520701494458
36;1520701495409;0;1520701563303
37;1520701563667;29;1520701571543
38;1520701571794;0;1520701645857
39;1520701646469;36;1520701655883
40;1520701656591;72;1520701668943
41;1520701669667;36;1520701677464
42;1520701677788;36;1520701685484
43;1520701685848;72;1520701698767
44;1520701698928;71;1520701730388
45;1520701730481;0;1520701779436
46;1520701779647;36;1520701785633
47;1520701785704;54;1520701794730
48;1520701794777;36;1520701800677
49;1520701800825;72;1520701810174
50;1520701810886;72;1520701826233
51;1520701827093;36;1520701834118
52;1520701834184;36;1520701840366
53;1520701841254;26;1520701849601
54;1520701850327;0;1520701921164
55;1520701921656;0;1520702000873
56;1520702001018;36;1520702009530
57;1520702010236;36;1520702017469
58;1520702018296;72;1520702029963
59;1520702030365;72;1520702040930
60;1520702041446;71;1520702052862
61;1520702053508;72;1520702063305
62;1520702063564;72;1520702083500
63;1520702084080;36;1520702091308
64;1520702092181;36;1520702098446
65;1520702099234;36;1520702105410
66;1520702106303;36;1520702113394
67;1520702114361;36;1520702121965
68;1520702122420;0;1520702187977
69;1520702188659;0;1520702257182
70;1520702257925;0;1520702318883
71;1520702319223;0;1520702394045
72;1520702394430;0;1520702469977
73;1520702470959;0;1520702540518
74;1520702541242;0;1520702609037
75;1520702609494;0;1520702678105
76;1520702678855;37;1520702686699
0.110236;12.775104
0.013245;12.697911
0.039216;12.734418
0.059259;12.603586
0.065217;12.732715
0.034965;12.717957
0.040268;12.810089
0.058442;12.877814
0.052980;12.853510
0.053333;12.837901
0.020833;12.634494
0.049645;12.651471
0.117188;12.762694
0.083969;12.752890
0.091603;12.753742
0.085938;12.723478
0.059603;12.899873
0.054217;13.017340
0.031250;12.921803
0.017544;12.964837
0.019868;12.690506
0.006803;12.610242
0.020270;12.633049
0.061069;12.534442
0.051948;12.767184
0.039548;13.056737
0.052632;12.811353
0.006098;12.779800
0.011834;12.838779
0.013514;12.597033
0.017544;12.837927
0.046784;12.918526
0.047619;12.680728
0.102362;12.672240
0.109244;12.652761
0.085938;12.722550
0.049296;12.819661
0.060976;13.012129
0.044586;12.940276
0.076923;12.679670
0.006849;12.632688
0.020690;12.642492
0.051852;12.591124
0.021277;12.574277
0.006993;12.571078
0.053846;12.519658
0.029412;12.540350
0.021898;12.632017
0.014286;12.558126
0.029412;12.542646
0.006993;12.571078
0.045802;12.517362
0.037594;12.527398
0.135593;12.649071
0.062500;12.664164
0.098361;12.625851
0.021898;12.671182
0.072000;12.640996
0.007042;12.601083
0.029412;12.633823
0.021583;12.653896
0.038168;12.521077
0.066667;12.669814
0.102564;12.541795
0.006993;12.572884
0.037313;12.541769
0.054264;12.511428
0.038168;12.521077
0.035461;12.592027
0.120690;12.633153
0.096000;12.685036
0.160714;12.657276
0.093023;12.768835
0.154545;12.627399
0.140351;12.657043
0.093220;12.569530
