1;1520750682574;36;1520750690840
2;1520750690936;34;1520750697246
3;1520750698163;0;1520750748675
4;1520750749338;36;1520750756656
5;1520750757409;0;1520750807044
6;1520750807824;36;1520750815550
7;1520750815887;0;1520750864446
8;1520750865186;36;1520750872195
9;1520750872264;36;1520750878197
10;1520750878340;36;1520750885463
11;1520750886434;0;1520750943426
12;1520750943633;0;1520751010729
13;1520751010947;0;1520751067920
14;1520751068157;0;1520751123515
15;1520751124333;0;1520751186944
16;1520751187094;27;1520751192638
17;1520751193161;19;1520751197190
18;1520751197200;0;1520751248171
19;1520751248186;39;1520751254518
20;1520751255337;36;1520751261187
21;1520751261392;72;1520751271577
22;1520751272436;72;1520751283353
23;1520751283513;36;1520751289286
24;1520751289558;36;1520751297845
25;1520751298745;36;1520751304705
26;1520751304896;72;1520751313696
27;1520751313964;72;1520751323850
28;1520751324054;72;1520751331881
29;1520751332147;72;1520751339574
30;1520751340205;36;1520751360149
31;1520751360824;0;1520751412721
32;1520751413001;36;1520751418847
33;1520751419054;36;1520751425937
34;1520751426113;0;1520751487087
35;1520751487249;0;1520751553881
36;1520751554815;2;1520751556521
37;1520751556961;36;1520751565557
38;1520751566147;0;1520751616312
39;1520751616336;36;1520751623715
40;1520751624388;72;1520751636277
41;1520751636483;42;1520751645585
42;1520751645605;36;1520751653187
43;1520751653691;72;1520751685054
44;1520751685056;72;1520751696132
45;1520751696135;26;1520751701394
46;1520751702202;36;1520751707416
47;1520751708268;36;1520751714423
48;1520751715318;36;1520751720804
49;1520751721387;72;1520751730045
50;1520751730451;102;1520751741902
51;1520751742511;36;1520751757566
52;1520751758458;36;1520751764752
53;1520751765554;0;1520751826358
54;1520751826713;0;1520751885978
55;1520751886917;0;1520751942130
56;1520751943139;36;1520751951242
57;1520751952242;40;1520751959995
58;1520751960319;72;1520752001698
59;1520752002649;73;1520752013410
60;1520752013763;47;1520752021922
61;1520752022825;69;1520752032959
62;1520752033884;40;1520752040919
63;1520752040952;37;1520752047559
64;1520752048040;36;1520752053839
65;1520752054101;37;1520752061162
66;1520752061169;32;1520752069130
67;1520752069312;6;1520752071565
68;1520752072470;3;1520752073706
69;1520752074517;0;1520752156397
70;1520752156579;0;1520752226890
71;1520752226931;0;1520752294332
72;1520752295195;0;1520752354290
73;1520752354442;0;1520752419684
74;1520752419734;0;1520752492340
75;1520752493048;30;1520752501920
76;1520752502195;36;1520752508634
0.146341;12.775104
0.013072;12.713158
0.041667;12.669479
0.089431;12.527115
0.056338;12.750027
0.028986;12.676626
0.076389;12.811766
0.050955;12.904388
0.045455;12.869248
0.039216;12.847938
0.035461;12.621749
0.092308;12.608849
0.118110;12.753355
0.056338;12.832019
0.054422;12.859702
0.070313;12.684572
0.051613;12.928305
0.054545;13.013806
0.051613;12.901731
0.023810;12.947680
0.014184;12.599406
0.013889;12.599819
0.000000;12.640093
0.051852;12.564860
0.050314;12.806193
0.040000;13.036665
0.019608;12.784083
0.006061;12.789836
0.005747;12.898222
0.006711;12.594814
0.005780;12.821235
0.085526;12.840972
0.013793;12.629773
0.056738;12.750826
0.074627;12.762153
0.063380;12.827581
0.106870;12.779516
0.061728;12.992056
0.050955;12.950312
0.013514;12.765997
0.013793;12.637513
0.027778;12.666847
0.061069;12.576728
0.028169;12.631811
0.000000;12.581114
0.044444;12.554282
0.021739;12.550386
0.036496;12.645640
0.013605;12.604695
0.029630;12.535138
0.014184;12.563338
0.029412;12.540350
0.043796;12.556527
0.200000;12.638725
0.044776;12.698504
0.118644;12.625000
0.045802;12.643731
0.043478;12.720176
0.029630;12.567440
0.014184;12.659340
0.053846;12.600258
0.006993;12.572884
0.062992;12.595123
0.102564;12.541795
0.029630;12.539241
0.037313;12.534416
0.078740;12.513879
0.081301;12.495561
0.014286;12.559932
0.072581;12.662797
0.110169;12.642724
0.084615;12.766977
0.043796;12.786121
0.062500;12.716796
0.112069;12.647239
0.070866;12.637332
