1;1520748605650;36;1520748617496
2;1520748618396;36;1520748629184
3;1520748629701;0;1520748685943
4;1520748686932;0;1520748739997
5;1520748740095;0;1520748796346
6;1520748797265;35;1520748806329
7;1520748806437;3;1520748809404
8;1520748810381;0;1520748867681
9;1520748868598;36;1520748875478
10;1520748875672;36;1520748882462
11;1520748882738;0;1520748948484
12;1520748948580;0;1520749007762
13;1520749007814;0;1520749060078
14;1520749061075;0;1520749116697
15;1520749117654;0;1520749173664
16;1520749173848;36;1520749181048
17;1520749181948;0;1520749230561
18;1520749231104;36;1520749237789
19;1520749238190;42;1520749244720
20;1520749245240;36;1520749260940
21;1520749261820;72;1520749271102
22;1520749271877;72;1520749281244
23;1520749281945;36;1520749287227
24;1520749287992;36;1520749293798
25;1520749294042;36;1520749299761
26;1520749300100;36;1520749304383
27;1520749305141;72;1520749314105
28;1520749314192;72;1520749325698
29;1520749326654;102;1520749338280
30;1520749338769;72;1520749348552
31;1520749348839;36;1520749357887
32;1520749357921;36;1520749363893
33;1520749364007;0;1520749416260
34;1520749417196;0;1520749477661
35;1520749478419;0;1520749561023
36;1520749561531;0;1520749613432
37;1520749613769;35;1520749622031
38;1520749622916;0;1520749673981
39;1520749674069;36;1520749680701
40;1520749681338;72;1520749691109
41;1520749691402;39;1520749698451
42;1520749698459;36;1520749704751
43;1520749705556;72;1520749721213
44;1520749722068;72;1520749732706
45;1520749733210;0;1520749782810
46;1520749783375;36;1520749789697
47;1520749790462;36;1520749796906
48;1520749797515;36;1520749803606
49;1520749804567;66;1520749813637
50;1520749814628;72;1520749822117
51;1520749822692;36;1520749828495
52;1520749828760;36;1520749835089
53;1520749835838;36;1520749844729
54;1520749844908;0;1520749931070
55;1520749931722;0;1520749985980
56;1520749986951;36;1520749994298
57;1520749995099;36;1520750001502
58;1520750002167;53;1520750009319
59;1520750010233;72;1520750019930
60;1520750020343;36;1520750026824
61;1520750027413;65;1520750038103
62;1520750038497;72;1520750050430
63;1520750050566;36;1520750058034
64;1520750058633;36;1520750076428
65;1520750077372;36;1520750086264
66;1520750086480;36;1520750095057
67;1520750095708;0;1520750156135
68;1520750156871;36;1520750164915
69;1520750164959;0;1520750233472
70;1520750234151;0;1520750300813
71;1520750301385;0;1520750369630
72;1520750369684;0;1520750435580
73;1520750435970;0;1520750511046
74;1520750512014;0;1520750574284
75;1520750575238;0;1520750625776
76;1520750626444;36;1520750633024
0.223214;12.734959
0.020270;12.682663
0.033784;12.698117
0.045455;12.559081
0.082090;12.715996
0.020270;12.744712
0.054054;12.818448
0.045161;12.877427
0.051948;12.875440
0.053333;12.841255
0.036496;12.592492
0.066667;12.624123
0.102941;12.832948
0.090909;12.759186
0.085271;12.732818
0.080292;12.766719
0.080537;12.899486
0.061728;12.993733
0.024691;12.930162
0.017647;12.956040
0.006993;12.609442
0.006849;12.600206
0.020548;12.624845
0.051095;12.584932
0.037736;12.784728
0.045714;13.047320
0.045752;12.804000
0.018405;12.784779
0.024096;12.833567
0.006452;12.639835
0.011561;12.828794
0.037838;13.010400
0.043796;12.613751
0.087591;12.745615
0.077519;12.722550
0.126050;12.673530
0.077465;12.836844
0.041176;13.037413
0.024691;12.960348
0.057554;12.740687
0.021127;12.622471
0.020979;12.635423
0.062016;12.560010
0.006993;12.571078
0.021739;12.550386
0.035971;12.568756
0.045802;12.517362
0.045455;12.616537
0.029197;12.545329
0.014085;12.580263
0.019608;12.681631
0.029630;12.539731
0.046154;12.514447
0.153846;12.660010
0.099174;12.636997
0.106557;12.655108
0.062500;12.633488
0.073770;12.614809
0.021583;12.587899
0.028777;12.658643
0.014286;12.651367
0.007042;12.569968
0.089431;12.594272
0.044444;12.642931
0.029851;12.534029
0.037594;12.531501
0.029197;12.559313
0.073171;12.487821
0.125000;12.441846
0.044444;12.738030
0.168224;12.583900
0.240000;12.597987
0.069767;12.736636
0.144144;12.628792
0.068182;12.766977
0.055118;12.618240
