1;1520630711625;36;1520630720179
2;1520630721038;8;1520630723133
3;1520630723190;6;1520630724740
4;1520630725261;0;1520630772394
5;1520630772458;0;1520630818038
6;1520630818633;36;1520630825166
7;1520630825692;0;1520630869846
8;1520630870846;33;1520630877740
9;1520630877904;36;1520630883336
10;1520630883964;43;1520630890516
11;1520630891018;0;1520630947998
12;1520630948696;0;1520631003298
13;1520631003905;0;1520631053184
14;1520631054173;0;1520631103297
15;1520631103461;0;1520631154653
16;1520631154915;36;1520631161736
17;1520631162010;0;1520631206008
18;1520631206283;51;1520631214896
19;1520631215367;36;1520631220590
20;1520631221437;36;1520631226470
21;1520631226491;72;1520631245964
22;1520631246918;36;1520631251795
23;1520631251997;36;1520631257176
24;1520631258072;0;1520631301808
25;1520631302350;72;1520631314180
26;1520631314444;20;1520631317287
27;1520631317487;0;1520631365161
28;1520631366161;216;1520631394176
29;1520631394348;93;1520631403714
30;1520631404437;73;1520631412949
31;1520631413506;26;1520631418687
32;1520631419584;66;1520631429710
33;1520631430699;36;1520631437614
34;1520631437753;0;1520631497015
35;1520631497225;0;1520631551900
36;1520631552621;0;1520631600365
37;1520631600889;36;1520631607818
38;1520631608015;0;1520631654739
39;1520631655321;36;1520631661268
40;1520631661464;108;1520631675286
41;1520631675583;72;1520631690129
42;1520631690413;36;1520631696220
43;1520631696507;108;1520631710144
44;1520631710607;108;1520631724527
45;1520631724743;36;1520631730765
46;1520631730816;36;1520631735946
47;1520631736868;36;1520631742011
48;1520631742929;72;1520631754053
49;1520631755025;72;1520631763771
50;1520631764097;108;1520631779205
51;1520631779610;37;1520631785141
52;1520631785716;36;1520631791006
53;1520631791807;0;1520631843414
54;1520631844100;0;1520631894153
55;1520631894401;0;1520631945516
56;1520631945699;36;1520631951946
57;1520631952803;51;1520631961065
58;1520631961893;74;1520632006123
59;1520632007010;77;1520632018194
60;1520632019152;57;1520632027997
61;1520632028209;72;1520632037568
62;1520632038279;7;1520632039858
63;1520632040325;57;1520632049326
64;1520632049384;42;1520632055959
65;1520632056460;36;1520632062387
66;1520632062520;36;1520632068619
67;1520632069607;36;1520632076351
68;1520632076680;0;1520632124874
69;1520632125842;31;1520632145128
70;1520632145256;0;1520632200582
71;1520632201506;0;1520632257162
72;1520632257712;0;1520632310116
73;1520632310997;0;1520632364929
74;1520632365335;0;1520632417979
75;1520632418664;36;1520632425277
76;1520632425750;65;1520632435975
0.173913;12.714887
0.027397;12.667802
0.057554;12.653844
0.060606;12.571387
0.083969;12.688184
0.044118;12.673478
0.047297;12.808412
0.073333;12.867391
0.031646;12.890301
0.053333;12.837901
0.029197;12.593782
0.076923;12.601315
0.107692;12.773195
0.091603;12.762462
0.109375;12.753123
0.070866;12.692673
0.045455;12.913263
0.048485;13.000416
0.031250;12.921803
0.023810;12.946003
0.028777;12.604231
0.027972;12.604798
0.020548;12.620407
0.035714;12.585319
0.077922;12.828536
0.027778;13.064193
0.047945;12.753974
0.018293;12.809521
0.005747;12.898222
0.000000;12.635604
0.023529;12.817648
0.023256;12.898067
0.020833;12.629773
0.082090;12.710682
0.075188;12.761766
0.120968;12.723014
0.066176;12.780677
0.054945;13.130912
0.065789;12.921184
0.051852;12.691022
0.021429;12.607224
0.035461;12.669402
0.070866;12.545149
0.020548;12.661687
0.014286;12.560422
0.037313;12.530314
0.013986;12.580185
0.014184;12.657534
0.028986;12.553302
0.014184;12.565634
0.006993;12.571078
0.102564;12.458203
0.045455;12.522574
0.125000;12.660991
0.088710;12.654128
0.051095;12.729980
0.062500;12.631811
0.051852;12.703045
0.029630;12.569117
0.021127;12.673891
0.042857;12.688519
0.029412;12.539860
0.100000;12.569607
0.061538;12.625232
0.028169;12.592260
0.029851;12.536325
0.045802;12.523761
0.046512;12.513337
0.062016;12.521232
0.142857;12.613080
0.111111;12.633153
0.175926;12.627167
0.142857;12.637435
0.139130;12.668241
0.075758;12.777478
0.053435;12.654747
