1;1520707101566;36;1520707109284
2;1520707109826;22;1520707113946
3;1520707113980;7;1520707115511
4;1520707116055;0;1520707162153
5;1520707162239;35;1520707168816
6;1520707169320;0;1520707215544
7;1520707216473;15;1520707219230
8;1520707219524;1;1520707220078
9;1520707220565;36;1520707229442
10;1520707230357;36;1520707235691
11;1520707236412;0;1520707285432
12;1520707285582;0;1520707339121
13;1520707339424;0;1520707388301
14;1520707388601;0;1520707438259
15;1520707438850;0;1520707491458
16;1520707491547;0;1520707541594
17;1520707541851;19;1520707545313
18;1520707545915;19;1520707549362
19;1520707549975;36;1520707555407
20;1520707556050;36;1520707570099
21;1520707570898;56;1520707577558
22;1520707577982;57;1520707584290
23;1520707585083;36;1520707590133
24;1520707590147;36;1520707595978
25;1520707596205;36;1520707605315
26;1520707606305;61;1520707613819
27;1520707614430;58;1520707621158
28;1520707621509;72;1520707628372
29;1520707628597;73;1520707635487
30;1520707635657;50;1520707641901
31;1520707642763;16;1520707649152
32;1520707649693;36;1520707654907
33;1520707655776;22;1520707660048
34;1520707660857;0;1520707714789
35;1520707715170;0;1520707767321
36;1520707767482;4;1520707785619
37;1520707786607;2;1520707787729
38;1520707788662;0;1520707835298
39;1520707835932;36;1520707841766
40;1520707841981;59;1520707849077
41;1520707850064;32;1520707854844
42;1520707855121;21;1520707858552
43;1520707859177;66;1520707873206
44;1520707874082;57;1520707881527
45;1520707882235;1;1520707882818
46;1520707883269;15;1520707885556
47;1520707886315;30;1520707890918
48;1520707891369;21;1520707894799
49;1520707895435;63;1520707903329
50;1520707903512;84;1520707912069
51;1520707912576;21;1520707916457
52;1520707916653;27;1520707920913
53;1520707921710;0;1520708003790
54;1520708004016;0;1520708069489
55;1520708070379;0;1520708133964
56;1520708134616;6;1520708137064
57;1520708137724;45;1520708146962
58;1520708147837;60;1520708157723
59;1520708157900;71;1520708171120
60;1520708172027;45;1520708190463
61;1520708190482;54;1520708198953
62;1520708199577;45;1520708207820
63;1520708208658;40;1520708216619
64;1520708216753;27;1520708222084
65;1520708222835;32;1520708229521
66;1520708229957;21;1520708234650
67;1520708235022;2;1520708236435
68;1520708237110;0;1520708291503
69;1520708292303;2;1520708293857
70;1520708294377;0;1520708369295
71;1520708369582;0;1520708450763
72;1520708451529;0;1520708511993
73;1520708512740;0;1520708569922
74;1520708569928;0;1520708625721
75;1520708626139;14;1520708630095
76;1520708630267;36;1520708636686
0.106870;12.815249
0.020134;12.687874
0.049296;12.669092
0.053846;12.554076
0.049645;12.739397
0.045802;12.637564
0.046667;12.828484
0.051613;12.887463
0.083916;12.809031
0.025478;12.868010
0.020979;12.629283
0.089552;12.640144
0.079137;12.832483
0.082707;12.772731
0.066667;12.773195
0.148760;12.700052
0.067114;12.891514
0.059880;13.027764
0.037975;12.913444
0.028902;12.989296
0.021429;12.599406
0.020833;12.599974
0.035211;12.611893
0.036232;12.567079
0.082192;12.739965
0.046243;13.027248
0.032258;12.824227
0.006024;12.789991
0.005848;12.843990
0.013072;12.629799
0.005181;12.970952
0.035088;12.903279
0.028571;12.609313
0.082707;12.691409
0.139130;12.643421
0.100000;12.762694
0.041667;12.829697
0.041916;13.008775
0.086667;12.930240
0.055944;12.753664
0.021429;12.607456
0.013605;12.654205
0.060606;12.585500
0.022059;12.542259
0.046512;12.511531
0.029412;12.540350
0.037313;12.534906
0.021583;12.647497
0.021739;12.552682
0.000000;12.602941
0.000000;12.581114
0.020690;12.593782
0.037594;12.527398
0.133333;12.669066
0.116071;12.557688
0.126050;12.648994
0.029412;12.668524
0.090164;12.634881
0.037594;12.559081
0.014184;12.661636
0.036232;12.653586
0.000000;12.635475
0.088710;12.599251
0.045455;12.622936
0.029412;12.542156
0.014184;12.565144
0.045802;12.521464
0.064000;12.500386
0.044776;12.535035
0.080000;12.678509
0.156522;12.644892
0.132743;12.636971
0.070866;12.715867
0.120690;12.657043
0.111111;12.657508
0.022059;12.663803
