1;1520698173794;44;1520698184982
2;1520698185307;28;1520698191483
3;1520698192483;23;1520698197841
4;1520698198558;0;1520698254730
5;1520698255702;0;1520698314679
6;1520698314882;17;1520698319147
7;1520698319935;0;1520698381598
8;1520698382139;2;1520698383910
9;1520698384183;42;1520698391883
10;1520698392240;36;1520698398990
11;1520698399304;0;1520698468665
12;1520698469327;0;1520698535851
13;1520698536493;0;1520698599181
14;1520698599809;0;1520698662865
15;1520698663021;0;1520698727625
16;1520698728418;0;1520698788352
17;1520698788611;36;1520698801026
18;1520698801185;29;1520698806955
19;1520698807283;29;1520698813372
20;1520698814328;70;1520698829545
21;1520698830526;72;1520698856476
22;1520698857362;72;1520698869477
23;1520698870468;43;1520698878935
24;1520698879525;36;1520698886769
25;1520698887594;36;1520698900347
26;1520698901190;72;1520698911579
27;1520698912277;72;1520698923076
28;1520698923326;72;1520698936269
29;1520698937211;72;1520698946823
30;1520698947328;53;1520698956953
31;1520698957412;36;1520698966512
32;1520698966566;43;1520698976568
33;1520698976629;23;1520698983627
34;1520698983727;0;1520699077956
35;1520699078396;0;1520699149963
36;1520699150693;0;1520699220519
37;1520699221506;17;1520699225696
38;1520699226609;0;1520699288150
39;1520699288798;36;1520699296510
40;1520699296913;72;1520699307874
41;1520699307999;36;1520699314566
42;1520699315057;36;1520699322411
43;1520699323111;72;1520699339427
44;1520699340164;72;1520699352489
45;1520699353281;34;1520699361338
46;1520699361353;36;1520699368001
47;1520699368424;36;1520699376213
48;1520699376497;36;1520699384071
49;1520699384567;72;1520699396117
50;1520699396675;108;1520699441985
51;1520699442678;36;1520699450082
52;1520699450805;36;1520699457468
53;1520699457881;0;1520699526022
54;1520699526067;0;1520699595314
55;1520699596320;0;1520699673172
56;1520699674134;36;1520699683566
57;1520699684308;69;1520699698389
58;1520699698402;60;1520699708409
59;1520699708485;72;1520699721544
60;1520699721575;45;1520699730547
61;1520699730662;57;1520699740457
62;1520699740734;36;1520699746572
63;1520699746811;36;1520699753832
64;1520699753867;36;1520699802017
65;1520699802074;36;1520699811688
66;1520699812212;36;1520699821031
67;1520699821306;0;1520699891878
68;1520699892610;36;1520699902779
69;1520699903728;0;1520699982037
70;1520699982980;0;1520700053962
71;1520700054274;0;1520700152295
72;1520700152771;0;1520700229298
73;1520700230039;0;1520700305071
74;1520700305312;0;1520700381422
75;1520700381596;0;1520700448542
76;1520700448900;44;1520700473893
0.136000;12.785140
0.020270;12.673014
0.065693;12.642131
0.037313;12.569117
0.042553;12.729567
0.121739;12.565660
0.105263;12.736507
0.058824;12.877427
0.041667;12.966953
0.030864;12.913753
0.045113;12.573709
0.042254;12.658746
0.175000;12.743319
0.066225;12.892133
0.074074;12.783463
0.079365;12.693602
0.051948;12.912876
0.016393;13.106763
0.031056;12.927015
0.035928;12.956246
0.021429;12.594582
0.013072;12.668989
0.006711;12.630057
0.006667;12.630057
0.050314;12.799975
0.051136;13.061716
0.048276;12.743938
0.025157;12.764552
0.017857;12.834728
0.005952;12.740300
0.017751;12.809315
0.058065;12.825879
0.026667;12.676110
0.073529;12.712101
0.113821;12.702942
0.106557;12.683334
0.062500;12.827891
0.035503;13.020488
0.022727;13.067083
0.028169;12.730186
0.028777;12.604076
0.019481;12.708308
0.036232;12.602631
0.030075;12.529308
0.014286;12.558126
0.000000;12.617802
0.013793;12.590144
0.045113;12.621517
0.020548;12.611816
0.021429;12.560577
0.021739;12.548090
0.029412;12.552295
0.021739;12.551702
0.247525;12.576547
0.069767;12.683256
0.057143;12.747060
0.070866;12.632998
0.083333;12.603792
0.014286;12.592724
0.029412;12.631527
0.029412;12.636120
0.046154;12.513957
0.082707;12.662461
0.081301;12.575051
0.021583;12.559700
0.037313;12.536712
0.037313;12.534416
0.021277;12.577708
0.072000;12.491356
0.076923;12.732818
0.110169;12.643653
0.176471;12.558075
0.089431;12.696724
0.141593;12.647472
0.117647;12.688081
0.053846;12.644014
