1;1520695854751;72;1520695869260
2;1520695870048;36;1520695876976
3;1520695877266;0;1520695923300
4;1520695923533;36;1520695929931
5;1520695930589;0;1520695976100
6;1520695976760;0;1520696022597
7;1520696022931;36;1520696029071
8;1520696029995;36;1520696035981
9;1520696036043;71;1520696047027
10;1520696047134;72;1520696057854
11;1520696058190;0;1520696111614
12;1520696112313;0;1520696173811
13;1520696174523;0;1520696229125
14;1520696229703;0;1520696288524
15;1520696288765;0;1520696356474
16;1520696356989;0;1520696420624
17;1520696421194;25;1520696426740
18;1520696427279;23;1520696432048
19;1520696432335;35;1520696450043
20;1520696451020;78;1520696464776
21;1520696465089;109;1520696481795
22;1520696482183;108;1520696498499
23;1520696499277;72;1520696511537
24;1520696512358;36;1520696519099
25;1520696519419;48;1520696528646
26;1520696529489;110;1520696552103
27;1520696552596;108;1520696569079
28;1520696569751;114;1520696584566
29;1520696584839;132;1520696602979
30;1520696602993;78;1520696615796
31;1520696616099;48;1520696628931
32;1520696629211;58;1520696658346
33;1520696659330;0;1520696717179
34;1520696717532;0;1520696786380
35;1520696786755;0;1520696874028
36;1520696875007;6;1520696877895
37;1520696878152;1;1520696879022
38;1520696879195;0;1520696940826
39;1520696941414;43;1520696957451
40;1520696958425;100;1520696974134
41;1520696974568;72;1520696989811
42;1520696990656;36;1520697001270
43;1520697001722;108;1520697023032
44;1520697023837;108;1520697040651
45;1520697040964;27;1520697046733
46;1520697047047;36;1520697053258
47;1520697054102;72;1520697068440
48;1520697069183;36;1520697075814
49;1520697076241;108;1520697124871
50;1520697125679;144;1520697151641
51;1520697151825;36;1520697158901
52;1520697158916;36;1520697165952
53;1520697165973;0;1520697243790
54;1520697244243;0;1520697310587
55;1520697311523;0;1520697373008
56;1520697373884;36;1520697381987
57;1520697382973;78;1520697413083
58;1520697413259;82;1520697427072
59;1520697427397;105;1520697445770
60;1520697446499;69;1520697460241
61;1520697460594;73;1520697472744
62;1520697472750;107;1520697493232
63;1520697493854;69;1520697507053
64;1520697507992;33;1520697514970
65;1520697515061;40;1520697523843
66;1520697524158;30;1520697530032
67;1520697530230;0;1520697591097
68;1520697591308;34;1520697598925
69;1520697599401;0;1520697684445
70;1520697684642;0;1520697757422
71;1520697757912;0;1520697837192
72;1520697838194;0;1520697907367
73;1520697907465;0;1520697976288
74;1520697976736;0;1520698051136
75;1520698051938;3;1520698111055
76;1520698111925;36;1520698121522
0.094203;12.875466
0.025316;12.755083
0.050000;12.647343
0.036232;12.604644
0.052632;12.831297
0.053846;12.629799
0.101449;12.783541
0.089655;12.838959
0.025157;12.888624
0.107143;12.814501
0.044776;12.582275
0.092308;12.601109
0.068493;12.860322
0.065693;12.788211
0.057143;12.812875
0.053435;12.712049
0.036364;12.984936
0.054878;13.003770
0.050955;12.916978
0.017647;12.956504
0.019355;12.711559
0.026667;12.700542
0.028169;12.601625
0.029197;12.564396
0.051613;12.760450
0.039548;13.057356
0.048276;12.738881
0.006098;12.779800
0.011905;12.824692
0.019231;12.694066
0.011696;12.816023
0.037037;12.846725
0.028169;12.624561
0.056338;12.756038
0.091603;12.761766
0.131148;12.712746
0.110236;12.740532
0.052326;13.058259
0.034682;13.036020
0.061069;12.669634
0.014085;12.615583
0.043165;12.656450
0.052239;12.590505
0.006897;12.585629
0.006757;12.611816
0.037313;12.537435
0.036232;12.559416
0.021739;12.642054
0.037879;12.526779
0.006757;12.607456
0.000000;12.581114
0.021583;12.553302
0.037313;12.539963
0.190909;12.623787
0.044776;12.696621
0.070313;12.672240
0.020270;12.752013
0.071429;12.653973
0.006579;12.669969
0.014184;12.659340
0.054688;12.592827
0.054688;12.510809
0.099174;12.579643
0.097561;12.584545
0.054264;12.513724
0.014286;12.559932
0.046154;12.513957
0.037313;12.532120
0.036232;12.564679
0.099174;12.663029
0.118644;12.639216
0.123894;12.627631
0.098361;12.696724
0.145455;12.617131
0.090909;12.677348
0.062992;12.624639
