1;1520752547325;36;1520752556349
2;1520752556673;0;1520752606288
3;1520752606963;0;1520752659310
4;1520752660144;36;1520752667234
5;1520752668213;0;1520752717873
6;1520752718365;21;1520752722929
7;1520752723406;36;1520752731272
8;1520752732267;0;1520752781025
9;1520752781426;36;1520752787175
10;1520752787475;36;1520752793192
11;1520752793533;0;1520752856276
12;1520752856827;0;1520752919413
13;1520752920061;0;1520752975044
14;1520752975230;0;1520753031236
15;1520753031394;0;1520753088086
16;1520753088091;0;1520753143055
17;1520753143266;35;1520753150282
18;1520753150326;35;1520753158175
19;1520753158404;36;1520753164351
20;1520753164457;36;1520753170532
21;1520753171516;72;1520753191555
22;1520753191952;72;1520753201294
23;1520753202020;36;1520753207297
24;1520753208084;36;1520753214893
25;1520753215135;36;1520753222521
26;1520753223183;59;1520753230548
27;1520753231265;72;1520753239987
28;1520753240314;72;1520753249003
29;1520753249387;95;1520753264846
30;1520753265230;72;1520753275344
31;1520753275401;9;1520753277649
32;1520753278485;36;1520753283946
33;1520753284533;10;1520753286698
34;1520753287576;0;1520753344839
35;1520753345757;0;1520753423197
36;1520753424049;0;1520753476716
37;1520753477311;36;1520753484708
38;1520753485397;0;1520753536584
39;1520753536587;36;1520753542950
40;1520753543664;72;1520753554419
41;1520753554729;36;1520753560585
42;1520753560780;36;1520753567328
43;1520753567832;72;1520753579445
44;1520753579890;72;1520753589727
45;1520753590028;0;1520753649868
46;1520753650298;36;1520753656401
47;1520753657385;36;1520753663158
48;1520753663440;36;1520753669132
49;1520753669491;72;1520753679883
50;1520753680543;72;1520753687818
51;1520753688600;36;1520753695006
52;1520753695660;36;1520753703572
53;1520753703741;0;1520753766543
54;1520753766946;0;1520753860318
55;1520753861019;0;1520753920976
56;1520753921273;36;1520753929758
57;1520753930420;36;1520753937762
58;1520753938500;36;1520753944786
59;1520753945563;66;1520753956577
60;1520753956671;36;1520753963491
61;1520753963742;54;1520753972440
62;1520753972808;36;1520753979702
63;1520753979889;36;1520753987302
64;1520753988006;36;1520753995335
65;1520753996205;36;1520754019318
66;1520754020246;36;1520754027596
67;1520754028369;36;1520754036737
68;1520754037436;6;1520754040544
69;1520754041526;0;1520754106588
70;1520754106772;0;1520754169840
71;1520754170053;0;1520754236862
72;1520754237317;0;1520754304317
73;1520754304568;0;1520754371298
74;1520754371856;0;1520754446940
75;1520754447290;0;1520754503731
76;1520754504572;36;1520754511953
0.131148;12.744996
0.013245;12.697911
0.065693;12.637306
0.062016;12.552399
0.034483;12.762823
0.069767;12.636687
0.076923;12.798376
0.025157;12.887463
0.075862;12.818603
0.025806;12.847938
0.006410;12.710733
0.049296;12.660604
0.105263;12.802839
0.103175;12.722550
0.050000;12.802839
0.105691;12.693602
0.044586;12.936870
0.048193;13.012129
0.058065;12.910090
0.036364;12.936664
0.006897;12.619866
0.021127;12.589783
0.013514;12.630057
0.041667;12.633101
0.044586;12.770486
0.063584;13.056737
0.006452;12.784083
0.018405;12.785011
0.030120;12.858464
0.000000;12.604850
0.017241;12.870642
0.022346;12.953847
0.035971;12.609313
0.063380;12.761250
0.110236;12.737101
0.112000;12.709933
0.070423;12.827040
0.041667;13.020488
0.036810;12.985632
0.041667;12.762359
0.000000;12.642957
0.044118;12.606811
0.036232;12.607430
0.000000;12.581114
0.021583;12.565247
0.053846;12.519658
0.029630;12.535138
0.021583;12.652090
0.021583;12.565247
0.000000;12.581114
0.006993;12.578199
0.045455;12.524870
0.021127;12.576496
0.106870;12.721853
0.088710;12.645537
0.107438;12.646053
0.062500;12.630340
0.071429;12.652993
0.045802;12.554076
0.014085;12.669376
0.044776;12.635887
0.014184;12.562848
0.081967;12.569607
0.064000;12.572290
0.013889;12.587667
0.029851;12.536325
0.054264;12.513724
0.029412;12.542156
0.037879;12.523993
0.069231;12.722317
0.107438;12.673297
0.142857;12.637203
0.163636;12.636971
0.157895;12.678277
0.090909;12.676884
0.028777;12.685707
