1;1520704988250;36;1520704997926
2;1520704998652;30;1520705006054
3;1520705006913;2;1520705008035
4;1520705008997;0;1520705071755
5;1520705072254;36;1520705080208
6;1520705080311;0;1520705142102
7;1520705142501;35;1520705150205
8;1520705150557;24;1520705156177
9;1520705156616;36;1520705169131
10;1520705170005;36;1520705177187
11;1520705178061;0;1520705241940
12;1520705242266;0;1520705311332
13;1520705311373;0;1520705372118
14;1520705372536;0;1520705436093
15;1520705436984;0;1520705501653
16;1520705502221;12;1520705505874
17;1520705506284;0;1520705565122
18;1520705565587;36;1520705573542
19;1520705573680;36;1520705591853
20;1520705592803;45;1520705600798
21;1520705600909;72;1520705611864
22;1520705611993;72;1520705623179
23;1520705624080;36;1520705630149
24;1520705631143;27;1520705636961
25;1520705637205;36;1520705648587
26;1520705649464;70;1520705659907
27;1520705660594;72;1520705670812
28;1520705671669;72;1520705680417
29;1520705680735;108;1520705694648
30;1520705694828;36;1520705704600
31;1520705705566;0;1520705769412
32;1520705769791;36;1520705777350
33;1520705777910;0;1520705839418
34;1520705840127;0;1520705909590
35;1520705910377;0;1520706002586
36;1520706002867;36;1520706013688
37;1520706013992;24;1520706021802
38;1520706022083;0;1520706087378
39;1520706088317;36;1520706096497
40;1520706097404;72;1520706116028
41;1520706116412;36;1520706123624
42;1520706124549;36;1520706131662
43;1520706132617;72;1520706143633
44;1520706143690;72;1520706154979
45;1520706155789;0;1520706218686
46;1520706218978;36;1520706226070
47;1520706227066;36;1520706234167
48;1520706235128;36;1520706242969
49;1520706243198;72;1520706285305
50;1520706285324;72;1520706295415
51;1520706296426;36;1520706304137
52;1520706304530;36;1520706311650
53;1520706312614;0;1520706379404
54;1520706379868;0;1520706447975
55;1520706448072;0;1520706514521
56;1520706514903;36;1520706521297
57;1520706522007;36;1520706527854
58;1520706528053;72;1520706537698
59;1520706538162;72;1520706547275
60;1520706547287;66;1520706557359
61;1520706558363;72;1520706567528
62;1520706568424;36;1520706572920
63;1520706573472;36;1520706578951
64;1520706579526;36;1520706585355
65;1520706585581;36;1520706591162
66;1520706591621;36;1520706598732
67;1520706599681;36;1520706612579
68;1520706612784;0;1520706660011
69;1520706661007;0;1520706714811
70;1520706715162;0;1520706766722
71;1520706767352;0;1520706823888
72;1520706824687;0;1520706879791
73;1520706879998;0;1520706971662
74;1520706972518;0;1520707030346
75;1520707030915;36;1520707039519
76;1520707040057;36;1520707046843
0.173554;12.785140
0.034483;12.675981
0.041667;12.676187
0.037037;12.579153
0.038961;12.836121
0.045455;12.645924
0.054795;12.801730
0.044872;12.887463
0.046053;12.848712
0.060811;12.827865
0.027027;12.675258
0.074074;12.631630
0.075342;12.879310
0.082707;12.772731
0.103175;12.724175
0.044776;12.727993
0.126866;12.818629
0.041916;13.012129
0.073333;12.883335
0.050314;12.900853
0.027972;12.631579
0.021127;12.587254
0.013605;12.623091
0.036496;12.562486
0.035714;12.855033
0.027933;13.058595
0.040000;12.784083
0.031646;12.759727
0.018072;12.823918
0.000000;12.619711
0.017751;12.807096
0.031250;12.811792
0.021127;12.614525
0.091603;12.690841
0.082759;12.868500
0.111111;12.799640
0.166667;12.661636
0.071006;13.055395
0.066667;12.902092
0.048951;12.747060
0.028986;12.597420
0.034247;12.665480
0.029197;12.593653
0.029197;12.545562
0.029630;12.537435
0.029851;12.534519
0.013889;12.589525
0.029412;12.634314
0.045802;12.515066
0.006849;12.602786
0.013889;12.580624
0.037313;12.530314
0.037313;12.532610
0.120000;12.686146
0.085271;12.682224
0.053435;12.678432
0.028369;12.701445
0.062992;12.652012
0.029197;12.577863
0.014388;12.643860
0.014184;12.659107
0.021583;12.555108
0.053846;12.612900
0.080645;12.589680
0.037594;12.529204
0.000000;12.582920
0.042857;12.582610
0.045113;12.532120
0.044776;12.544452
0.089431;12.659288
0.131148;12.685423
0.135593;12.697420
0.128205;12.677348
0.136364;12.607559
0.159292;12.667776
0.053846;12.640377
