1;1520702744550;36;1520702754283
2;1520702754887;36;1520702762872
3;1520702763097;1;1520702763920
4;1520702764192;4;1520702765475
5;1520702766247;0;1520702824656
6;1520702825434;7;1520702828001
7;1520702828484;5;1520702829720
8;1520702830527;0;1520702888619
9;1520702888728;36;1520702900798
10;1520702901716;36;1520702908880
11;1520702909783;0;1520702971050
12;1520702971965;0;1520703041723
13;1520703042486;0;1520703104320
14;1520703104670;0;1520703165681
15;1520703165848;0;1520703235467
16;1520703235832;0;1520703298282
17;1520703299086;33;1520703306762
18;1520703307228;12;1520703310086
19;1520703310303;36;1520703317338
20;1520703317367;36;1520703323453
21;1520703323455;72;1520703333877
22;1520703334517;72;1520703359091
23;1520703359229;36;1520703365633
24;1520703366340;36;1520703373247
25;1520703373401;36;1520703379686
26;1520703380477;53;1520703388160
27;1520703388535;72;1520703400139
28;1520703400614;72;1520703415662
29;1520703416661;84;1520703429566
30;1520703429804;68;1520703443337
31;1520703443942;36;1520703453990
32;1520703454051;36;1520703461711
33;1520703462140;0;1520703524501
34;1520703525358;0;1520703617871
35;1520703618398;0;1520703689089
36;1520703689671;0;1520703751365
37;1520703751952;24;1520703757953
38;1520703758077;0;1520703819246
39;1520703819504;36;1520703837230
40;1520703838218;72;1520703852439
41;1520703852528;36;1520703861192
42;1520703861645;36;1520703870613
43;1520703870745;72;1520703883591
44;1520703883848;72;1520703894773
45;1520703895039;0;1520703950580
46;1520703951232;36;1520703957340
47;1520703958316;39;1520703965558
48;1520703966381;36;1520704004113
49;1520704004498;70;1520704017552
50;1520704017647;72;1520704027924
51;1520704028876;36;1520704036333
52;1520704036942;36;1520704044941
53;1520704045000;21;1520704052566
54;1520704053082;0;1520704121055
55;1520704121296;0;1520704186135
56;1520704186572;35;1520704194762
57;1520704195701;36;1520704218915
58;1520704219317;72;1520704233029
59;1520704233615;72;1520704246113
60;1520704246692;67;1520704259961
61;1520704260769;72;1520704272372
62;1520704272826;46;1520704282929
63;1520704283926;36;1520704292335
64;1520704293040;36;1520704300202
65;1520704301128;38;1520704308975
66;1520704309204;36;1520704317240
67;1520704317287;36;1520704325483
68;1520704326410;33;1520704344985
69;1520704345053;0;1520704422663
70;1520704423331;0;1520704493603
71;1520704494587;0;1520704574751
72;1520704574828;0;1520704642752
73;1520704643182;0;1520704718080
74;1520704718443;0;1520704790836
75;1520704791699;0;1520704927203
76;1520704927296;40;1520704937382
0.112000;12.755032
0.041096;12.696466
0.041958;12.662590
0.053846;12.553869
0.072993;12.732715
0.013072;12.780032
0.046980;12.818448
0.016760;13.027170
0.068027;12.833438
0.038217;12.883258
0.035211;12.631785
0.133333;12.562848
0.087591;12.822447
0.072993;12.802839
0.103175;12.723246
0.027211;12.800956
0.073826;12.901550
0.035714;13.010452
0.037736;12.921803
0.029940;12.946003
0.021277;12.609442
0.020833;12.609623
0.013605;12.629670
0.028369;12.585706
0.044586;12.774691
0.063953;13.046701
0.040268;12.768990
0.012346;12.769764
0.011765;12.849202
0.013605;12.585887
0.011561;12.825466
0.040000;12.929569
0.043478;12.609313
0.058394;12.710914
0.118110;12.751729
0.126984;12.729696
0.093023;12.740764
0.061728;12.993733
0.044872;12.930240
0.050360;12.730651
0.062016;12.566511
0.013605;12.654670
0.036496;12.592363
0.006757;12.609752
0.045113;12.525489
0.062500;12.511686
0.029630;12.539731
0.037037;12.633849
0.038168;12.519271
0.028777;12.557817
0.037594;12.527398
0.037594;12.527398
0.020833;12.590866
0.140625;12.730986
0.079365;12.663184
0.119658;12.613983
0.054264;12.633978
0.090164;12.634881
0.045455;12.550902
0.000000;12.709443
0.035714;12.668602
0.021583;12.555108
0.100000;12.569607
0.081301;12.574819
0.021583;12.555108
0.055118;12.503301
0.029412;12.542156
0.021277;12.570123
0.014184;12.562848
0.104839;12.675619
0.078740;12.702245
0.183486;12.647239
0.131579;12.647472
0.096000;12.727993
0.111111;12.657276
0.028986;12.682379
