1;87;87;77 
2;76;110;37 
3;0;36;8 
4;216;0;0 
5;0;5;8 
6;51;4;10 
7;0;36;23 
8;20;35;29 
9;72;41;72 
10;146;98;70 
11;17;3;0 
12;0;0;0
13;0;0;0
14;0;0;0
15;0;0;0
16;28;39;4 
17;0;33;32 
18;72;72;36 
19;32;108;71 
20;216;108;89 
21;136;144;143 
22;216;180;140 
23;36;120;87 
24;41;72;55 
25;148;72;80 
26;66;144;140 
27;171;126;147 
28;72;186;204 
29;216;216;205 
30;98;120;142 
31;108;36;0 
32;56;72;66 
33;0;1;0 
34;0;0;0
35;0;0;0
36;0;0;0
37;0;2;15 
38;66;36;8 
39;36;72;46 
40;190;180;136 
41;90;102;71 
42;72;46;53 
43;65;149;142 
44;216;147;138 
45;72;69;30 
46;72;90;82 
47;11;77;67 
48;60;64;69 
49;108;157;137 
50;216;180;210 
51;104;72;78 
52;61;108;81 
53;46;0;0 
54;0;0;0
55;0;0;0
56;0;25;35 
57;72;72;67 
58;144;126;135 
59;83;156;140 
60;92;99;95 
61;155;140;136 
62;111;90;131 
63;79;101;74 
64;96;108;82 
65;76;95;87 
66;12;45;65 
67;51;72;30 
68;2;37;34 
69;24;0;0 
70;0;0;0
71;0;0;0
72;0;0;0
73;0;0;0
74;0;0;0
75;12;30;5 
76;72;66;69 
0.119048;12.775104
0.027397;12.667802
0.041958;12.672240
0.045113;12.573942
0.038462;12.846751
0.062992;12.622523
0.046980;12.818448
0.052632;12.857355
0.031646;12.888624
0.086331;12.772679
0.037037;12.585423
0.050000;12.644582
0.165289;12.738958
0.074627;12.772963
0.071429;12.833180
0.114754;12.692905
0.051282;12.940018
0.041916;13.010452
0.037975;12.911767
0.022472;13.057098
0.029197;12.579334
0.019868;12.650232
0.013514;12.630444
0.035971;12.580108
0.058065;12.780135
0.075581;13.067392
0.047945;12.753974
0.031447;12.779413
0.017647;12.878536
0.006211;12.713545
0.017544;12.821235
0.044872;12.786895
0.013793;12.629773
0.073529;12.720950
0.075188;12.761766
0.088889;12.802839
0.101563;12.735940
0.068323;12.993733
0.045198;13.083646
0.052632;12.677993
0.036232;12.602838
0.035211;12.631450
0.036765;12.587383
0.013158;12.701755
0.013699;12.601780
0.055556;12.498580
0.029197;12.569452
0.045113;12.623813
0.028986;12.559261
0.000000;12.581114
0.006579;12.670279
0.029630;12.535138
0.046154;12.512151
0.156522;12.642879
0.088710;12.642595
0.101695;12.604927
0.062992;12.626599
0.099174;12.634881
0.037037;12.567827
0.013793;12.699020
0.013605;12.716564
0.021739;12.561609
0.081967;12.571903
0.087302;12.614731
0.029412;12.544452
0.045113;12.555778
0.021898;12.546981
0.063492;12.496180
0.028777;12.564912
0.088710;12.678277
0.142857;12.608720
0.150442;12.657276
0.080000;12.706528
0.109244;12.677348
0.119658;12.667776
0.045455;12.652090
