1;1520758338840;36;1520758346313
2;1520758347220;4;1520758348559
3;1520758349347;0;1520758395958
4;1520758396521;19;1520758400078
5;1520758400572;21;1520758404404
6;1520758404616;0;1520758450689
7;1520758450805;17;1520758453710
8;1520758453848;43;1520758461269
9;1520758461908;24;1520758466370
10;1520758466958;36;1520758472333
11;1520758473023;6;1520758474412
12;1520758475063;0;1520758532687
13;1520758532752;0;1520758581494
14;1520758581912;0;1520758630962
15;1520758631095;0;1520758688182
16;1520758688272;3;1520758692204
17;1520758693070;2;1520758694295
18;1520758695201;3;1520758696165
19;1520758696243;33;1520758701620
20;1520758702307;53;1520758710935
21;1520758711361;94;1520758724739
22;1520758725470;83;1520758738558
23;1520758738570;35;1520758757805
24;1520758758787;0;1520758804195
25;1520758804966;74;1520758817430
26;1520758818033;69;1520758827127
27;1520758828093;60;1520758835548
28;1520758836146;100;1520758847007
29;1520758847234;97;1520758871495
30;1520758871845;108;1520758886356
31;1520758886935;55;1520758899619
32;1520758900012;45;1520758907978
33;1520758908062;36;1520758915727
34;1520758916125;0;1520758976637
35;1520758977288;0;1520759044382
36;1520759045268;0;1520759098796
37;1520759099514;34;1520759106239
38;1520759106633;7;1520759108499
39;1520759108672;37;1520759116491
40;1520759116747;72;1520759127120
41;1520759127846;48;1520759137377
42;1520759137926;36;1520759144937
43;1520759145018;72;1520759159845
44;1520759160764;72;1520759171340
45;1520759171918;0;1520759221169
46;1520759222067;36;1520759227467
47;1520759228161;71;1520759239831
48;1520759240241;71;1520759253876
49;1520759254296;72;1520759264382
50;1520759265373;72;1520759273603
51;1520759274432;36;1520759285479
52;1520759286119;36;1520759292344
53;1520759293215;36;1520759302185
54;1520759302268;0;1520759357190
55;1520759357441;0;1520759423500
56;1520759423632;33;1520759431480
57;1520759431764;31;1520759437442
58;1520759437814;127;1520759457409
59;1520759457899;108;1520759509162
60;1520759509704;51;1520759518870
61;1520759519828;116;1520759536338
62;1520759536919;0;1520759574656
63;1520759575068;72;1520759587210
64;1520759588148;82;1520759602110
65;1520759602238;106;1520759620949
66;1520759621331;36;1520759638691
67;1520759639661;0;1520759695379
68;1520759695881;40;1520759704868
69;1520759705030;0;1520759768396
70;1520759769208;0;1520759837302
71;1520759837454;0;1520759900032
72;1520759900694;0;1520759958885
73;1520759958924;0;1520760031168
74;1520760031357;0;1520760093079
75;1520760093617;0;1520760141965
76;1520760142795;72;1520760155203
0.172414;12.724923
0.034014;12.684727
0.066176;12.630624
0.100000;12.507042
0.056738;12.747963
0.064000;12.597420
0.068493;12.806064
0.031056;12.917572
0.038710;12.869016
0.039216;12.847938
0.042857;12.634107
0.063830;12.666228
0.078571;12.837927
0.057143;12.812643
0.083333;12.763391
0.061069;12.721853
0.031847;12.919945
0.054217;13.022165
0.031250;12.921803
0.005025;13.163781
0.028986;12.591047
0.053030;12.543343
0.000000;12.640093
0.021429;12.574664
0.043750;12.799743
0.064327;13.036665
0.011834;12.897370
0.012270;12.779800
0.000000;12.843990
0.000000;12.619711
0.011696;12.816023
0.090909;12.890146
0.036232;12.599277
0.063380;12.770899
0.078571;12.813804
0.123967;12.693138
0.081481;12.790249
0.096774;12.973661
0.016484;13.093296
0.028169;12.729258
0.006849;12.632920
0.043165;12.624123
0.028986;12.602244
0.021739;12.548090
0.037594;12.527398
0.053435;12.528998
0.021429;12.570459
0.021277;12.660655
0.055118;12.499199
0.021739;12.552450
0.006944;12.577605
0.035714;12.570794
0.013699;12.602012
0.123967;12.670047
0.121739;12.597832
0.062992;12.654128
0.006897;12.718396
0.052632;12.699252
0.021739;12.582688
0.021739;12.641563
0.054688;12.590531
0.014184;12.565144
0.069231;12.627451
0.080000;12.592595
0.021583;12.555108
0.014184;12.562848
0.054688;12.506217
0.045455;12.522084
0.054688;12.510809
0.122807;12.613312
0.103175;12.713597
0.107438;12.696956
0.081967;12.676884
0.125000;12.707921
0.071429;12.706992
0.072000;12.617260
