1;1520754582270;36;1520754591332
2;1520754591540;36;1520754598128
3;1520754598732;0;1520754648204
4;1520754648924;27;1520754654378
5;1520754654982;8;1520754657373
6;1520754658364;10;1520754660859
7;1520754661449;18;1520754664784
8;1520754665491;36;1520754672692
9;1520754673551;36;1520754680468
10;1520754680605;36;1520754692670
11;1520754693047;0;1520754748236
12;1520754749212;0;1520754812849
13;1520754813055;0;1520754865108
14;1520754865302;0;1520754918434
15;1520754918531;0;1520754972509
16;1520754972915;0;1520755026928
17;1520755027136;36;1520755034769
18;1520755035188;34;1520755041965
19;1520755042234;36;1520755048161
20;1520755048290;36;1520755062666
21;1520755062677;72;1520755072557
22;1520755072741;72;1520755082412
23;1520755082818;36;1520755088882
24;1520755089884;18;1520755093780
25;1520755093923;30;1520755099476
26;1520755100014;39;1520755110388
27;1520755111373;72;1520755119793
28;1520755120454;72;1520755127853
29;1520755128520;72;1520755135788
30;1520755136587;54;1520755144574
31;1520755144685;0;1520755219572
32;1520755219902;36;1520755227318
33;1520755228037;0;1520755281084
34;1520755281196;0;1520755344837
35;1520755345542;0;1520755411493
36;1520755411743;0;1520755466820
37;1520755466961;36;1520755474843
38;1520755475083;0;1520755530321
39;1520755531275;36;1520755537592
40;1520755538353;38;1520755543432
41;1520755544397;36;1520755553600
42;1520755554499;36;1520755561151
43;1520755561589;49;1520755568002
44;1520755568644;36;1520755573354
45;1520755573714;32;1520755579907
46;1520755580770;36;1520755586433
47;1520755586824;36;1520755593248
48;1520755593888;36;1520755599489
49;1520755599949;52;1520755606660
50;1520755607002;53;1520755643434
51;1520755644354;36;1520755652714
52;1520755653490;36;1520755661444
53;1520755661592;14;1520755666659
54;1520755666683;0;1520755729570
55;1520755729864;0;1520755793504
56;1520755794219;36;1520755803608
57;1520755804346;28;1520755809818
58;1520755810401;94;1520755839265
59;1520755839929;87;1520755854921
60;1520755855052;20;1520755859659
61;1520755860112;73;1520755872539
62;1520755873179;25;1520755878219
63;1520755878253;16;1520755882560
64;1520755883318;41;1520755890727
65;1520755891399;48;1520755899221
66;1520755899459;16;1520755903026
67;1520755903504;2;1520755905337
68;1520755905568;0;1520756005500
69;1520756006390;0;1520756078747
70;1520756078871;0;1520756140552
71;1520756141149;0;1520756213768
72;1520756214444;0;1520756293659
73;1520756293772;0;1520756364828
74;1520756365027;0;1520756450698
75;1520756451011;31;1520756458592
76;1520756459143;36;1520756466853
0.139344;12.755032
0.027211;12.682663
0.027027;12.687874
0.038168;12.552012
0.032680;12.819196
0.081301;12.600774
0.046667;12.828484
0.056250;12.923557
0.066225;12.867288
0.039735;12.827865
0.028369;12.620923
0.065693;12.632172
0.051613;12.916566
0.110236;12.738726
0.172414;12.680289
0.112069;12.622652
0.090909;12.867133
0.048485;13.000416
0.058442;12.900054
0.023529;12.964399
0.037037;12.574122
0.021127;12.584958
0.042857;12.609210
0.013889;12.595356
0.017857;12.831245
0.040000;13.037903
0.069930;12.753974
0.017647;12.839630
0.016854;12.919455
0.000000;12.678999
0.023952;12.805600
0.044304;12.816616
0.028369;12.614525
0.025974;12.818938
0.079365;12.693138
0.074074;12.782767
0.048951;12.829697
0.048193;13.013806
0.027778;13.097062
0.044118;12.694428
0.020134;12.666099
0.012821;12.717880
0.070866;12.546826
0.014286;12.558126
0.037313;12.530314
0.037879;12.524483
0.000000;12.624768
0.072581;12.570949
0.014388;12.555211
0.021739;12.552682
0.006993;12.573374
0.072000;12.494142
0.021583;12.555598
0.085271;12.708231
0.036496;12.713752
0.052239;12.702735
0.061069;12.662126
0.125000;12.566589
0.007042;12.601083
0.000000;12.679412
0.037594;12.613751
0.028777;12.593859
0.062016;12.615196
0.070866;12.607456
0.052239;12.544375
0.029630;12.539241
0.068702;12.541459
0.053846;12.519168
0.029412;12.544452
0.127119;12.658437
0.163793;12.651419
0.183486;12.647239
0.060606;12.757405
0.150442;12.657043
0.119658;12.667776
0.028369;12.705986
