1;1520682244374;81;1520682259987
2;1520682260785;42;1520682268272
3;1520682268931;14;1520682271726
4;1520682271974;1;1520682272973
5;1520682273018;0;1520682319508
6;1520682320495;36;1520682326982
7;1520682327549;27;1520682332135
8;1520682332606;1;1520682333092
9;1520682333656;59;1520682342744
10;1520682343718;75;1520682360446
11;1520682360777;0;1520682410073
12;1520682410968;0;1520682465301
13;1520682466044;0;1520682515128
14;1520682515285;0;1520682564628
15;1520682565517;0;1520682616326
16;1520682617118;0;1520682665986
17;1520682666400;14;1520682669266
18;1520682669450;16;1520682672685
19;1520682673511;64;1520682684190
20;1520682684608;72;1520682694587
21;1520682694684;114;1520682721747
22;1520682721836;128;1520682740678
23;1520682741006;72;1520682752377
24;1520682753115;36;1520682758785
25;1520682759174;36;1520682764394
26;1520682765235;107;1520682784590
27;1520682785455;108;1520682801013
28;1520682801623;144;1520682818411
29;1520682818699;144;1520682834395
30;1520682834789;108;1520682849083
31;1520682849888;6;1520682854865
32;1520682855228;52;1520682863386
33;1520682864346;0;1520682910775
34;1520682911524;0;1520682965393
35;1520682965720;0;1520683017822
36;1520683017956;11;1520683038562
37;1520683039428;0;1520683087735
38;1520683088642;36;1520683095673
39;1520683095739;46;1520683103021
40;1520683103800;74;1520683113699
41;1520683113910;69;1520683124721
42;1520683125009;58;1520683135504
43;1520683136096;92;1520683154899
44;1520683155121;90;1520683167290
45;1520683168237;30;1520683173645
46;1520683174300;36;1520683179277
47;1520683179378;40;1520683185307
48;1520683185461;43;1520683192196
49;1520683192536;108;1520683206137
50;1520683206637;142;1520683222038
51;1520683222746;52;1520683230735
52;1520683230829;56;1520683266379
53;1520683267214;0;1520683322281
54;1520683322498;0;1520683376465
55;1520683376780;0;1520683428925
56;1520683429156;6;1520683430948
57;1520683431209;36;1520683437909
58;1520683438300;108;1520683453089
59;1520683453411;107;1520683476349
60;1520683476640;36;1520683482358
61;1520683482733;83;1520683493418
62;1520683493825;36;1520683498304
63;1520683498883;39;1520683504538
64;1520683504956;36;1520683509753
65;1520683510023;48;1520683517445
66;1520683518088;36;1520683523567
67;1520683524138;0;1520683568717
68;1520683569389;36;1520683575787
69;1520683576431;33;1520683585007
70;1520683585530;0;1520683648553
71;1520683649043;0;1520683707070
72;1520683707283;0;1520683762573
73;1520683763487;0;1520683821032
74;1520683821730;0;1520683884171
75;1520683884981;36;1520683893108
76;1520683894103;108;1520683913236
0.161017;12.734959
0.042254;12.660733
0.074074;12.632301
0.080000;12.538828
0.056338;12.756528
0.051852;12.671801
0.060000;12.840585
0.045161;12.877427
0.068027;12.829104
0.038710;12.868010
0.028571;12.614035
0.139344;12.589602
0.101449;12.852788
0.089655;12.853536
0.073826;12.882793
0.080645;12.672601
0.045161;12.921622
0.048193;13.010452
0.037975;12.911767
0.023669;12.956040
0.028777;12.594582
0.020833;12.600206
0.019737;12.709572
0.020979;12.600180
0.037267;12.809625
0.057471;13.056737
0.040541;12.764010
0.025000;12.764939
0.011905;12.828742
0.006667;12.610784
0.011696;12.816023
0.050955;12.806967
0.058824;12.623787
0.050000;12.730986
0.097015;12.787437
0.119048;12.728613
0.034014;12.844945
0.059880;13.030911
0.057692;12.950312
0.033557;12.790017
0.036496;12.597187
0.013605;12.652528
0.044444;12.582327
0.021583;12.555366
0.021739;12.548090
0.027211;12.628431
0.045802;12.517362
0.088710;12.595614
0.029851;12.534519
0.006993;12.573374
0.014184;12.561042
0.021583;12.553302
0.035971;12.570175
0.128205;12.630882
0.053030;12.691332
0.067164;12.714216
0.037037;12.668524
0.053846;12.673065
0.014286;12.591047
0.000000;12.679412
0.021898;12.633823
0.021898;12.546981
0.059259;12.662539
0.114754;12.601702
0.029630;12.539241
0.037594;12.529204
0.029412;12.542156
0.045802;12.519168
0.037313;12.541537
0.048951;12.781967
0.150442;12.633385
0.198113;12.627864
0.137931;12.678277
0.224490;12.558539
0.060150;12.767442
0.020270;12.743138
