1;1520760482288;72;1520760497236
2;1520760497859;36;1520760504601
3;1520760505046;0;1520760552454
4;1520760553249;0;1520760600148
5;1520760600581;24;1520760604932
6;1520760605637;33;1520760611711
7;1520760612698;34;1520760619059
8;1520760619750;36;1520760630043
9;1520760630945;36;1520760636331
10;1520760636999;66;1520760648054
11;1520760648063;0;1520760701011
12;1520760701257;0;1520760757119
13;1520760757492;0;1520760807526
14;1520760807680;0;1520760858716
15;1520760859199;0;1520760908347
16;1520760908514;3;1520760909511
17;1520760909552;36;1520760916272
18;1520760916633;36;1520760922795
19;1520760923724;72;1520760935086
20;1520760935830;72;1520760956917
21;1520760957889;143;1520760977747
22;1520760978017;108;1520760991914
23;1520760992101;72;1520761002602
24;1520761003185;36;1520761009144
25;1520761009252;36;1520761014689
26;1520761015321;98;1520761031821
27;1520761032510;108;1520761046028
28;1520761046596;144;1520761062447
29;1520761062707;176;1520761083733
30;1520761083837;72;1520761106028
31;1520761106564;0;1520761154749
32;1520761154859;72;1520761166529
33;1520761167000;0;1520761219929
34;1520761220297;0;1520761278503
35;1520761278529;0;1520761335354
36;1520761335432;0;1520761382530
37;1520761382675;16;1520761385909
38;1520761386743;0;1520761432909
39;1520761433905;55;1520761443156
40;1520761443967;83;1520761456694
41;1520761457557;51;1520761465293
42;1520761465660;38;1520761471757
43;1520761472729;106;1520761486292
44;1520761486824;91;1520761497982
45;1520761498905;8;1520761500730
46;1520761500945;55;1520761509074
47;1520761510016;55;1520761518721
48;1520761519075;45;1520761526009
49;1520761526126;106;1520761562223
50;1520761563020;128;1520761578199
51;1520761578220;36;1520761584097
52;1520761584322;36;1520761590073
53;1520761590394;0;1520761645209
54;1520761645773;0;1520761697340
55;1520761698122;0;1520761747486
56;1520761748387;15;1520761758788
57;1520761759732;72;1520761771338
58;1520761771842;81;1520761782223
59;1520761782940;90;1520761795034
60;1520761795065;41;1520761802383
61;1520761803148;77;1520761813956
62;1520761814246;113;1520761832239
63;1520761832363;60;1520761842960
64;1520761843519;42;1520761850005
65;1520761850594;54;1520761858543
66;1520761858666;36;1520761874864
67;1520761875829;17;1520761879634
68;1520761879920;18;1520761883255
69;1520761883970;0;1520761938495
70;1520761939332;0;1520761991145
71;1520761991625;0;1520762045485
72;1520762045889;0;1520762097078
73;1520762097194;0;1520762149869
74;1520762150522;0;1520762246945
75;1520762247153;0;1520762296474
76;1520762297451;69;1520762310609
0.123077;12.825285
0.050360;12.647162
0.067164;12.623555
0.054688;12.535474
0.101563;12.675852
0.042254;12.717751
0.045752;12.853768
0.018750;12.887463
0.038462;12.878588
0.081633;12.833464
0.028369;12.619246
0.120968;12.576599
0.048276;12.852324
0.090226;12.782302
0.081633;12.868629
0.071942;12.763907
0.058442;12.920332
0.054217;13.015663
0.011905;12.963805
0.029412;12.981143
0.014184;12.599406
0.019868;12.674587
0.027211;12.664990
0.051095;12.596878
0.037500;12.794764
0.057803;13.046701
0.019737;12.774046
0.025000;12.769764
0.005882;12.833954
0.006711;12.599638
0.011494;12.852195
0.079470;12.801369
0.027972;12.653896
0.072993;12.731218
0.067669;12.751729
0.148760;12.723478
0.034483;12.829697
0.048193;13.010452
0.054878;13.011303
0.051095;12.713520
0.021277;12.622084
0.020690;12.647755
0.028777;12.600722
0.029630;12.535138
0.006993;12.571078
0.063492;12.501495
0.021583;12.557894
0.054264;12.601057
0.014184;12.561042
0.046154;12.516743
0.044776;12.565324
0.021739;12.550386
0.021583;12.555598
0.121951;12.670898
0.069767;12.684237
0.138211;12.681244
0.072000;12.617260
0.037037;12.699252
0.028777;12.607585
0.006993;12.669376
0.007042;12.661636
0.021739;12.549896
0.090164;12.584236
0.072000;12.587383
0.021127;12.589112
0.020833;12.599535
0.029630;12.536944
0.044118;12.564060
0.054688;12.503920
0.078740;12.702477
0.132231;12.666667
0.172727;12.647239
0.112069;12.647704
0.118644;12.678509
0.101695;12.657508
0.044776;12.665454
