1;1520692088248;72;1520692103808
2;1520692104677;36;1520692111164
3;1520692111869;18;1520692115434
4;1520692115960;0;1520692167018
5;1520692167157;32;1520692174299
6;1520692174428;6;1520692176009
7;1520692176480;36;1520692182880
8;1520692183538;12;1520692186099
9;1520692186582;54;1520692195445
10;1520692195649;65;1520692210785
11;1520692211542;0;1520692264159
12;1520692264699;0;1520692321812
13;1520692322075;0;1520692374033
14;1520692374261;0;1520692427817
15;1520692428462;0;1520692487169
16;1520692488097;18;1520692492581
17;1520692493201;23;1520692499539
18;1520692500256;34;1520692508297
19;1520692508336;35;1520692513536
20;1520692514392;100;1520692532629
21;1520692533478;144;1520692554790
22;1520692555674;108;1520692582539
23;1520692583216;72;1520692596610
24;1520692597350;0;1520692643017
25;1520692643541;72;1520692654456
26;1520692654638;108;1520692674200
27;1520692675120;102;1520692688540
28;1520692689228;108;1520692701429
29;1520692702298;108;1520692713118
30;1520692713370;108;1520692727650
31;1520692728480;72;1520692756510
32;1520692757296;72;1520692768414
33;1520692769376;0;1520692817566
34;1520692818563;0;1520692875723
35;1520692875754;0;1520692936777
36;1520692937747;0;1520692985551
37;1520692985950;0;1520693035336
38;1520693036154;36;1520693043454
39;1520693044225;67;1520693056199
40;1520693056284;108;1520693070692
41;1520693071383;72;1520693086271
42;1520693086864;36;1520693092938
43;1520693092951;108;1520693107265
44;1520693108027;108;1520693122436
45;1520693123127;35;1520693129012
46;1520693129171;56;1520693136967
47;1520693137230;60;1520693146453
48;1520693147294;71;1520693158396
49;1520693159363;108;1520693197362
50;1520693198152;144;1520693217203
51;1520693217299;36;1520693224914
52;1520693225381;36;1520693232630
53;1520693233576;0;1520693297382
54;1520693297767;0;1520693354925
55;1520693354967;0;1520693405272
56;1520693406155;36;1520693419880
57;1520693420626;48;1520693427945
58;1520693428711;108;1520693443576
59;1520693443798;108;1520693459141
60;1520693459892;69;1520693470287
61;1520693470968;108;1520693485935
62;1520693486029;72;1520693495313
63;1520693496082;60;1520693505221
64;1520693506148;72;1520693518340
65;1520693519196;72;1520693530426
66;1520693531272;36;1520693537083
67;1520693537327;36;1520693551373
68;1520693551672;25;1520693555988
69;1520693556784;0;1520693613809
70;1520693613989;0;1520693676661
71;1520693677159;0;1520693731039
72;1520693731367;0;1520693782901
73;1520693783541;0;1520693836247
74;1520693836756;0;1520693929219
75;1520693930152;1;1520693932184
76;1520693932243;38;1520693939590
0.122951;12.734959
0.041379;12.673014
0.034483;12.674304
0.058824;12.600412
0.074627;12.704283
0.036496;12.681037
0.037975;12.877969
0.043750;12.914811
0.038462;12.878588
0.038710;12.868010
0.060150;12.582456
0.112000;12.578276
0.087591;12.822912
0.075188;12.762694
0.055944;12.833799
0.139130;12.643653
0.052288;12.913263
0.061350;12.998945
0.072368;12.903408
0.041667;12.968140
0.037313;12.567440
0.020134;12.658875
0.012903;12.723195
0.021277;12.579876
0.050955;12.798531
0.032967;13.084188
0.033333;12.774046
0.018293;12.799640
0.000000;12.859006
0.000000;12.604850
0.011628;12.821235
0.047904;12.950751
0.034722;12.645021
0.091603;12.690609
0.121212;12.793809
0.057554;12.761972
0.048611;12.839965
0.093168;13.011019
0.050955;12.950312
0.027778;12.747369
0.013699;12.641692
0.043796;12.608901
0.071429;12.543523
0.035971;12.618859
0.029412;12.540350
0.054688;12.506707
0.051852;12.589138
0.070313;12.613390
0.063492;12.496671
0.021127;12.577192
0.013889;12.580624
0.021739;12.550386
0.029630;12.535138
0.144068;12.657147
0.118644;12.627941
0.069767;12.676548
0.062016;12.643731
0.080645;12.642054
0.014184;12.594582
0.014184;12.661636
0.000000;12.686920
0.021739;12.549896
0.120690;12.558720
0.053435;12.625232
0.036765;12.551728
0.014085;12.570355
0.007042;12.569968
0.028986;12.557172
0.053435;12.526908
0.070866;12.692441
0.081967;12.652993
0.130435;12.657508
0.107438;12.696724
0.101695;12.657043
0.052632;12.757173
0.053846;12.642054
