1;1521014224174;93;1521014240131
2;1521014240734;86;1521014256766
3;1521014256924;36;1521014263848
4;1521014264168;0;1521014316335
5;1521014316350;36;1521014322967
6;1521014323403;0;1521014375246
7;1521014375587;36;1521014382089
8;1521014382644;36;1521014396792
9;1521014397675;36;1521014403883
10;1521014404735;72;1521014417896
11;1521014418826;0;1521014474195
12;1521014475185;0;1521014534719
13;1521014535444;14;1521014539032
14;1521014539520;0;1521014592100
15;1521014592769;0;1521014668133
16;1521014669102;0;1521014736959
17;1521014737454;36;1521014746208
18;1521014746620;36;1521014755300
19;1521014755704;29;1521014762089
20;1521014762791;105;1521014797394
21;1521014797720;144;1521014826417
22;1521014826960;108;1521014844684
23;1521014845103;72;1521014859103
24;1521014859205;0;1521014915194
25;1521014915480;72;1521014934440
26;1521014935006;98;1521014950282
27;1521014951136;72;1521014960164
28;1521014960247;108;1521014975484
29;1521014975543;82;1521014986002
30;1521014986711;108;1521015010725
31;1521015011222;72;1521015035626
32;1521015036378;71;1521015050586
33;1521015051572;21;1521015061127
34;1521015061754;0;1521015140447
35;1521015141147;0;1521015213401
36;1521015213506;0;1521015310531
37;1521015310574;36;1521015323122
38;1521015323910;0;1521015395864
39;1521015396259;66;1521015414981
40;1521015415370;73;1521015428706
41;1521015429501;66;1521015454189
42;1521015455132;36;1521015467390
43;1521015468288;72;1521015482186
44;1521015482447;72;1521015496698
45;1521015497604;36;1521015506286
46;1521015506683;47;1521015516351
47;1521015516781;40;1521015526926
48;1521015527894;40;1521015536863
49;1521015537049;87;1521015551732
50;1521015552292;112;1521015568235
51;1521015568413;56;1521015650588
52;1521015651140;44;1521015670133
53;1521015670481;0;1521015753485
54;1521015753884;0;1521015836167
55;1521015836309;0;1521015921970
56;1521015922841;36;1521015936361
57;1521015937027;72;1521015960703
58;1521015961210;80;1521015980729
59;1521015981513;101;1521016021612
60;1521016022430;72;1521016038448
61;1521016038831;78;1521016054964
62;1521016055183;72;1521016072052
63;1521016072365;72;1521016090613
64;1521016091565;68;1521016109416
65;1521016109706;72;1521016128825
66;1521016128836;36;1521016140286
67;1521016140947;32;1521016150627
68;1521016151076;6;1521016153503
69;1521016154146;0;1521016238220
70;1521016238516;0;1521016335290
71;1521016335711;0;1521016420976
72;1521016421146;0;1521016501378
73;1521016501528;0;1521016603083
74;1521016603971;0;1521016676846
75;1521016677341;12;1521016680693
76;1521016681409;36;1521016688906
0.117188;12.795177
0.012987;12.720047
0.065693;12.640660
0.108333;12.530082
0.054795;12.787024
0.070866;12.629205
0.054422;12.808412
0.074830;12.837282
0.043210;12.922448
0.068493;12.819506
0.044444;12.589396
0.039216;12.738159
0.093525;12.843371
0.087591;12.794893
0.152542;12.685346
0.037594;12.712281
0.068027;12.876937
0.041916;13.010452
0.071895;12.913444
0.016760;13.027764
0.006993;12.604618
0.026316;12.698556
0.027586;12.623607
0.036765;12.556888
0.104167;12.745873
0.027322;13.096882
0.026490;12.774046
0.018405;12.799485
0.005882;12.834341
0.019737;12.683592
0.030120;12.802994
0.043210;12.842520
0.041667;12.664706
0.072848;12.836405
0.096000;12.693989
0.117188;12.749846
0.040541;12.860657
0.047904;13.017134
0.018293;12.970384
0.006667;12.775801
0.006667;12.663416
0.034965;12.647549
0.043478;12.612229
0.014286;12.562951
0.013514;12.641383
0.037594;12.525102
0.013699;12.599716
0.062016;12.608797
0.029412;12.540350
0.006993;12.571078
0.000000;12.581114
0.029851;12.532223
0.062500;12.533513
0.076923;12.703406
0.110169;12.604411
0.069231;12.681760
0.073171;12.600825
0.079365;12.661068
0.029412;12.574329
0.061538;12.620407
0.022059;12.626083
0.046512;12.511041
0.117647;12.584236
0.070866;12.609752
0.045455;12.531268
0.021583;12.559700
0.044118;12.556707
0.035211;12.601599
0.071429;12.510809
0.110169;12.643189
0.108527;12.721595
0.176471;12.557378
0.089431;12.697653
0.110169;12.666847
0.069767;12.737333
0.070313;12.643034
