1;1520694025722;36;1520694034500
2;1520694035169;36;1520694042244
3;1520694042342;0;1520694089068
4;1520694089629;36;1520694096105
5;1520694096688;6;1520694098177
6;1520694098734;8;1520694100364
7;1520694100773;7;1520694102085
8;1520694102808;0;1520694147620
9;1520694147980;36;1520694153367
10;1520694154029;54;1520694162132
11;1520694163096;0;1520694215822
12;1520694216793;0;1520694269245
13;1520694269979;0;1520694318037
14;1520694318145;0;1520694367310
15;1520694367373;0;1520694416680
16;1520694417167;10;1520694419259
17;1520694420208;31;1520694425484
18;1520694426268;34;1520694431853
19;1520694432336;72;1520694443309
20;1520694443439;72;1520694453319
21;1520694453523;104;1520694474801
22;1520694475685;108;1520694489576
23;1520694489799;69;1520694499593
24;1520694499890;36;1520694505605
25;1520694505950;67;1520694516147
26;1520694517047;72;1520694525603
27;1520694526127;82;1520694536155
28;1520694536221;108;1520694559942
29;1520694560690;138;1520694575657
30;1520694575832;105;1520694589329
31;1520694589942;34;1520694596473
32;1520694597015;48;1520694604143
33;1520694605099;0;1520694655993
34;1520694656916;0;1520694712393
35;1520694713358;0;1520694769097
36;1520694769686;0;1520694817117
37;1520694818045;16;1520694821292
38;1520694822089;0;1520694868203
39;1520694868381;36;1520694876766
40;1520694877105;84;1520694888213
41;1520694888242;60;1520694897219
42;1520694897355;36;1520694902983
43;1520694903422;108;1520694917227
44;1520694917534;108;1520694931512
45;1520694931679;0;1520694975673
46;1520694975948;72;1520695006212
47;1520695006983;72;1520695018870
48;1520695019088;72;1520695030434
49;1520695031200;72;1520695040170
50;1520695040272;108;1520695051714
51;1520695052373;36;1520695057660
52;1520695058451;36;1520695063722
53;1520695064554;0;1520695118185
54;1520695118855;0;1520695172652
55;1520695173187;0;1520695230226
56;1520695231057;36;1520695237274
57;1520695238156;36;1520695243691
58;1520695244227;72;1520695253848
59;1520695254303;71;1520695263862
60;1520695264465;36;1520695270343
61;1520695270515;72;1520695280227
62;1520695280587;72;1520695290414
63;1520695290658;36;1520695295825
64;1520695296700;37;1520695302693
65;1520695302762;72;1520695347134
66;1520695347606;36;1520695353988
67;1520695354697;36;1520695361712
68;1520695361788;22;1520695366227
69;1520695366852;0;1520695424725
70;1520695425039;0;1520695481459
71;1520695482229;0;1520695540969
72;1520695541455;0;1520695596992
73;1520695597765;0;1520695655537
74;1520695656105;0;1520695725222
75;1520695725553;0;1520695771237
76;1520695771853;36;1520695777984
0.149606;12.825285
0.006579;12.693086
0.039735;12.730083
0.098361;12.528998
0.074627;12.709314
0.071429;12.619169
0.040000;12.818448
0.074830;12.838959
0.045752;12.861870
0.029412;12.970333
0.021277;12.610887
0.049645;12.653922
0.095588;12.823144
0.101563;12.742854
0.090909;12.773195
0.070313;12.702245
0.051948;12.921622
0.047619;13.030524
0.057692;12.916978
0.016043;13.085607
0.014184;12.594582
0.006849;12.600206
0.012658;12.700903
0.006849;12.600954
0.044025;12.789939
0.038674;13.098120
0.047297;12.774046
0.017857;12.819790
0.037500;12.793422
0.019355;12.652012
0.005780;12.826059
0.026042;13.057434
0.035714;12.611584
0.067164;12.697317
0.078740;12.703174
0.154545;12.603508
0.083969;12.750801
0.035714;13.012129
0.060241;13.041412
0.051471;12.703948
0.053846;12.558333
0.027972;12.632456
0.036765;12.598477
0.029412;12.538054
0.028169;12.618240
0.062992;12.504411
0.061069;12.558565
0.021429;12.662126
0.029630;12.539731
0.014184;12.575283
0.006897;12.587745
0.013793;12.590763
0.013793;12.595485
0.174312;12.590737
0.141667;12.660784
0.159292;12.618885
0.046154;12.635655
0.068702;12.683953
0.014184;12.597936
0.029412;12.631527
0.053846;12.610603
0.037313;12.529824
0.090909;12.569607
0.071429;12.599716
0.037879;12.523993
0.045802;12.519168
0.029197;12.561145
0.006993;12.575180
0.054264;12.520845
0.044444;12.728148
0.152542;12.693602
0.205882;12.588415
0.131579;12.646775
0.100000;12.676884
0.142857;12.717957
0.046154;12.634675
