1;1520690257183;30;1520690264586
2;1520690265524;13;1520690268443
3;1520690268704;3;1520690269730
4;1520690269780;1;1520690270388
5;1520690270834;0;1520690317895
6;1520690317987;26;1520690323411
7;1520690324031;8;1520690325881
8;1520690326087;9;1520690327910
9;1520690328133;36;1520690334415
10;1520690335188;36;1520690346483
11;1520690347456;0;1520690400721
12;1520690401611;0;1520690459800
13;1520690460777;0;1520690515424
14;1520690515676;0;1520690566988
15;1520690567868;0;1520690618132
16;1520690619059;0;1520690675819
17;1520690675970;36;1520690683313
18;1520690684051;36;1520690691203
19;1520690692113;34;1520690698005
20;1520690698173;37;1520690703652
21;1520690704221;59;1520690711137
22;1520690711268;51;1520690731123
23;1520690731404;36;1520690737887
24;1520690738490;34;1520690744299
25;1520690744544;36;1520690750360
26;1520690750589;63;1520690758426
27;1520690758642;58;1520690765524
28;1520690765704;71;1520690777422
29;1520690778365;72;1520690785752
30;1520690786522;41;1520690791889
31;1520690792602;26;1520690797626
32;1520690797649;39;1520690803507
33;1520690803691;21;1520690807826
34;1520690808740;0;1520690878941
35;1520690879845;0;1520690935759
36;1520690936040;33;1520690942971
37;1520690943148;10;1520690945354
38;1520690946198;3;1520690947211
39;1520690947236;25;1520690951436
40;1520690952289;67;1520690961699
41;1520690962352;37;1520690968302
42;1520690968409;29;1520690981182
43;1520690981575;78;1520690991122
44;1520690991635;71;1520691000949
45;1520691001719;0;1520691049059
46;1520691049902;37;1520691055872
47;1520691055998;72;1520691068248
48;1520691069061;52;1520691103345
49;1520691104050;72;1520691114700
50;1520691115133;72;1520691122766
51;1520691123192;36;1520691129386
52;1520691130258;39;1520691136755
53;1520691137329;36;1520691146564
54;1520691147386;0;1520691205329
55;1520691205571;0;1520691263907
56;1520691264827;36;1520691283402
57;1520691284369;36;1520691290889
58;1520691291488;144;1520691317133
59;1520691317594;108;1520691335680
60;1520691335844;36;1520691341666
61;1520691341899;108;1520691358501
62;1520691358974;0;1520691401031
63;1520691401149;72;1520691413890
64;1520691414254;72;1520691463192
65;1520691463852;72;1520691477396
66;1520691477963;34;1520691483849
67;1520691484035;0;1520691535475
68;1520691536209;36;1520691543398
69;1520691544296;0;1520691606110
70;1520691606509;0;1520691668032
71;1520691668756;0;1520691729153
72;1520691729997;0;1520691810067
73;1520691811021;0;1520691872273
74;1520691872301;0;1520691932108
75;1520691932580;0;1520691984280
76;1520691984786;72;1520691998816
0.120000;12.765068
0.034722;12.662590
0.046358;12.738855
0.043165;12.610242
0.071429;12.748762
0.068182;12.652735
0.070423;12.783334
0.045161;12.877427
0.045161;12.878588
0.038710;12.863185
0.052632;12.587125
0.059259;12.617208
0.050955;12.931813
0.118110;12.753123
0.056338;12.823531
0.057554;12.770692
0.059211;12.911586
0.048485;13.003770
0.031250;12.921803
0.023669;12.957717
0.036232;12.594582
0.006849;12.605031
0.006711;12.630057
0.020690;12.610758
0.028090;12.920229
0.071429;13.016592
0.046053;12.797163
0.018519;12.779800
0.018072;12.824305
0.020408;12.590118
0.017341;12.865430
0.033149;12.989399
0.043165;12.609700
0.080882;12.724923
0.096000;12.697653
0.152542;12.675000
0.080882;12.799821
0.027027;13.133415
0.058065;12.940276
0.035211;12.734727
0.000000;12.670511
0.006667;12.669453
0.037313;12.580082
0.021739;12.548090
0.006993;12.571078
0.054688;12.506707
0.021583;12.559726
0.036765;12.642054
0.037879;12.522187
0.021583;12.553302
0.000000;12.646388
0.029412;12.544942
0.020979;12.587848
0.207207;12.650052
0.098485;12.721853
0.054688;12.652167
0.021739;12.678561
0.067164;12.694840
0.037313;12.562615
0.029851;12.616047
0.029851;12.618343
0.029851;12.536325
0.067164;12.667363
0.037037;12.636120
0.029412;12.542156
0.021739;12.552192
0.061538;12.524380
0.060606;12.543988
0.014184;12.565144
0.107438;12.673530
0.105691;12.665351
0.077519;12.746673
0.094488;12.747601
0.141667;12.728226
0.100775;12.779335
0.071429;12.622962
