1;1520688381313;36;1520688389088
2;1520688389743;15;1520688392853
3;1520688392888;0;1520688444149
4;1520688445097;27;1520688450771
5;1520688451198;0;1520688501173
6;1520688501366;30;1520688507361
7;1520688507456;11;1520688509658
8;1520688510498;0;1520688560785
9;1520688560818;36;1520688567264
10;1520688567940;37;1520688574769
11;1520688574991;0;1520688637184
12;1520688638091;0;1520688694951
13;1520688695337;0;1520688748796
14;1520688749543;0;1520688804935
15;1520688805742;0;1520688862097
16;1520688862543;9;1520688864833
17;1520688865618;36;1520688872045
18;1520688872671;36;1520688879593
19;1520688879721;36;1520688885752
20;1520688885779;37;1520688891500
21;1520688891851;72;1520688901664
22;1520688901910;72;1520688925485
23;1520688925759;72;1520688937462
24;1520688937837;36;1520688944620
25;1520688944895;36;1520688951054
26;1520688951952;72;1520688961739
27;1520688962024;72;1520688971318
28;1520688972081;108;1520688984328
29;1520688985149;108;1520689011821
30;1520689012140;72;1520689021303
31;1520689022243;36;1520689029584
32;1520689030307;50;1520689038444
33;1520689039366;3;1520689040453
34;1520689041405;0;1520689097132
35;1520689097609;0;1520689161902
36;1520689162650;0;1520689218112
37;1520689218889;6;1520689221533
38;1520689222046;0;1520689272206
39;1520689272233;51;1520689282814
40;1520689283382;67;1520689293084
41;1520689293449;51;1520689301904
42;1520689302514;46;1520689311897
43;1520689312689;83;1520689330802
44;1520689331583;70;1520689341578
45;1520689341700;9;1520689343657
46;1520689343740;38;1520689349727
47;1520689349785;39;1520689356106
48;1520689356853;28;1520689361606
49;1520689361926;80;1520689373483
50;1520689373997;100;1520689386768
51;1520689387080;31;1520689392618
52;1520689393148;34;1520689398682
53;1520689399216;0;1520689491081
54;1520689491359;0;1520689555672
55;1520689556582;0;1520689614106
56;1520689614824;15;1520689619225
57;1520689619897;46;1520689628663
58;1520689628979;76;1520689640942
59;1520689641056;83;1520689653579
60;1520689654176;31;1520689660611
61;1520689661278;60;1520689670967
62;1520689671341;80;1520689699583
63;1520689699758;51;1520689710196
64;1520689710890;34;1520689717480
65;1520689718000;47;1520689725060
66;1520689726058;28;1520689731504
67;1520689732129;13;1520689735308
68;1520689736187;11;1520689739653
69;1520689740239;0;1520689801834
70;1520689802505;0;1520689861089
71;1520689861718;0;1520689975131
72;1520689976131;0;1520690039282
73;1520690039404;0;1520690101799
74;1520690102646;0;1520690165044
75;1520690165884;11;1520690169336
76;1520690169984;31;1520690177003
0.120301;12.855394
0.041667;12.671156
0.041958;12.664267
0.037313;12.567440
0.057554;12.731038
0.081301;12.600774
0.032895;12.828484
0.067114;12.847318
0.052632;12.859212
0.051613;12.875286
0.052239;12.587719
0.057554;12.639732
0.111940;12.809831
0.054054;12.892236
0.088235;12.790610
0.160377;12.563364
0.011905;12.984084
0.067901;13.000416
0.051282;12.911767
0.010363;13.124926
0.046154;12.550335
0.013889;12.594994
0.020833;12.607069
0.006849;12.600567
0.029070;12.882845
0.065089;13.017831
0.033333;12.774046
0.051613;12.764552
0.000000;12.843990
0.019481;12.664345
0.023810;12.801162
0.029412;12.883206
0.035971;12.614138
0.064748;12.740790
0.088000;12.692673
0.093750;12.732586
0.088889;12.800749
0.036842;13.170747
0.044025;12.960348
0.059259;12.702271
0.013889;12.624329
0.013699;12.649458
0.052239;12.580882
0.014184;12.565634
0.021583;12.553302
0.046154;12.512151
0.021739;12.552682
0.029412;12.629721
0.037594;12.529462
0.021739;12.548090
0.028369;12.621775
0.044776;12.571362
0.029630;12.537435
0.185841;12.652915
0.111111;12.604024
0.081967;12.625000
0.062992;12.624639
0.081301;12.632920
0.006849;12.650877
0.006944;12.681708
0.028571;12.663855
0.000000;12.582920
0.061538;12.625232
0.071429;12.597420
0.021429;12.571800
0.029197;12.545071
0.045802;12.519168
0.021739;12.552192
0.045802;12.521464
0.110169;12.642957
0.095238;12.712978
0.169643;12.667776
0.125000;12.708385
0.198020;12.567646
0.123894;12.627399
0.037594;12.653070
