1;1520684279435;74;1520684293964
2;1520684294949;0;1520684348238
3;1520684348423;0;1520684401249
4;1520684401655;0;1520684455375
5;1520684455832;36;1520684462969
6;1520684463944;6;1520684465535
7;1520684465991;36;1520684474729
8;1520684475144;0;1520684525582
9;1520684526370;72;1520684538233
10;1520684538453;72;1520684557160
11;1520684557378;0;1520684615100
12;1520684615560;0;1520684674816
13;1520684675759;0;1520684727392
14;1520684727992;0;1520684783083
15;1520684783980;0;1520684836371
16;1520684837185;12;1520684840331
17;1520684841265;36;1520684848109
18;1520684848329;36;1520684854796
19;1520684855400;108;1520684874287
20;1520684874491;73;1520684896107
21;1520684896824;108;1520684912013
22;1520684912914;123;1520684930236
23;1520684931004;72;1520684941926
24;1520684942070;48;1520684950010
25;1520684950124;59;1520684959675
26;1520684960206;105;1520684978464
27;1520684979429;109;1520684993934
28;1520684994546;148;1520685012124
29;1520685012670;159;1520685032874
30;1520685033792;112;1520685049568
31;1520685049892;13;1520685052886
32;1520685052958;67;1520685064075
33;1520685065032;0;1520685130557
34;1520685130952;0;1520685188379
35;1520685189170;0;1520685247958
36;1520685248376;0;1520685301282
37;1520685301613;0;1520685350449
38;1520685350833;36;1520685358068
39;1520685358941;72;1520685377774
40;1520685378245;73;1520685387850
41;1520685388358;42;1520685394883
42;1520685395413;38;1520685401466
43;1520685401477;106;1520685416323
44;1520685416564;90;1520685429187
45;1520685429641;14;1520685432964
46;1520685433683;38;1520685440903
47;1520685441760;40;1520685448677
48;1520685448822;36;1520685454879
49;1520685455882;98;1520685497777
50;1520685498568;134;1520685516756
51;1520685517723;40;1520685524710
52;1520685524816;37;1520685531897
53;1520685532891;0;1520685591496
54;1520685592096;0;1520685652193
55;1520685652334;0;1520685709679
56;1520685710617;20;1520685716012
57;1520685716707;36;1520685724061
58;1520685724803;92;1520685753474
59;1520685754267;91;1520685768679
60;1520685769378;39;1520685776351
61;1520685776459;80;1520685788022
62;1520685788539;57;1520685797332
63;1520685797624;46;1520685805794
64;1520685806713;41;1520685815696
65;1520685815792;62;1520685827387
66;1520685827930;36;1520685834445
67;1520685834988;14;1520685838191
68;1520685839067;5;1520685840896
69;1520685841121;0;1520685911989
70;1520685912133;0;1520685968874
71;1520685969413;0;1520686028373
72;1520686028611;0;1520686089994
73;1520686090854;0;1520686155954
74;1520686156069;0;1520686216730
75;1520686217377;3;1520686218786
76;1520686219453;36;1520686226169
0.140496;12.744996
0.020270;12.677838
0.034014;12.692699
0.100840;12.529514
0.046053;12.827762
0.054688;12.619169
0.061224;12.812153
0.082759;12.830600
0.037975;12.900337
0.032258;12.857974
0.069767;12.568498
0.072993;12.677864
0.080882;12.802607
0.102362;12.732818
0.074324;12.863805
0.060606;12.723169
0.045161;12.919945
0.035503;13.020488
0.031056;12.928485
0.017751;12.946468
0.034965;12.649587
0.013889;12.594994
0.006711;12.634881
0.043478;12.584932
0.005747;12.860889
0.027624;13.077429
0.030675;12.869119
0.018634;12.764939
0.017544;12.888960
0.027972;12.569530
0.023810;12.817855
0.020942;13.045333
0.068182;12.584029
0.055172;12.770873
0.137931;12.652993
0.128205;12.639912
0.132231;12.697188
0.075000;12.990379
0.040462;13.052686
0.057971;12.715351
0.036765;12.593653
0.059701;12.593808
0.080000;12.543523
0.046154;12.514447
0.021739;12.550386
0.029197;12.547626
0.014286;12.560422
0.020548;12.700258
0.036232;12.572497
0.029412;12.540350
0.006757;12.603715
0.014184;12.563338
0.055556;12.496284
0.230769;12.594659
0.097561;12.657069
0.110169;12.610216
0.037594;12.652090
0.029197;12.710269
0.029630;12.569117
0.029412;12.631527
0.037037;12.631295
0.037594;12.534029
0.089431;12.587151
0.037313;12.630676
0.036765;12.554024
0.021583;12.557404
0.021277;12.579540
0.021739;12.554488
0.044776;12.551573
0.083333;12.721363
0.128205;12.648865
0.214286;12.548271
0.100000;12.677116
0.115702;12.707457
0.070313;12.726600
0.055556;12.609881
