1;1520756554367;38;1520756563565
2;1520756563700;33;1520756570309
3;1520756570907;23;1520756575788
4;1520756575979;0;1520756624015
5;1520756624209;0;1520756676315
6;1520756676360;36;1520756683422
7;1520756683429;12;1520756685924
8;1520756686480;0;1520756736024
9;1520756736971;36;1520756743125
10;1520756744047;36;1520756751425
11;1520756752140;0;1520756816682
12;1520756816983;0;1520756876989
13;1520756877206;0;1520756925996
14;1520756926427;0;1520756978606
15;1520756979607;0;1520757039896
16;1520757040831;0;1520757093825
17;1520757094079;36;1520757100511
18;1520757101162;36;1520757107443
19;1520757108217;36;1520757114874
20;1520757115268;68;1520757125329
21;1520757125333;72;1520757146664
22;1520757147571;72;1520757161395
23;1520757161683;44;1520757170060
24;1520757170796;36;1520757180350
25;1520757180872;35;1520757189651
26;1520757189995;45;1520757198684
27;1520757199210;72;1520757211633
28;1520757212316;77;1520757221086
29;1520757221582;95;1520757237456
30;1520757238075;70;1520757248044
31;1520757248177;35;1520757256296
32;1520757257234;39;1520757264622
33;1520757265328;0;1520757318362
34;1520757318487;0;1520757377573
35;1520757377729;0;1520757452224
36;1520757452259;25;1520757458195
37;1520757458351;12;1520757461406
38;1520757461426;0;1520757515990
39;1520757516588;72;1520757531190
40;1520757531693;72;1520757541421
41;1520757541778;54;1520757550522
42;1520757550837;36;1520757557648
43;1520757557911;75;1520757567617
44;1520757567976;72;1520757587285
45;1520757587327;20;1520757591920
46;1520757592476;50;1520757600833
47;1520757601546;36;1520757607529
48;1520757607613;44;1520757614536
49;1520757614670;80;1520757624863
50;1520757625822;96;1520757636154
51;1520757636925;36;1520757642287
52;1520757642989;36;1520757648282
53;1520757649043;0;1520757727091
54;1520757727879;0;1520757781158
55;1520757782087;0;1520757833163
56;1520757833261;36;1520757839809
57;1520757840349;36;1520757847161
58;1520757847409;72;1520757857140
59;1520757857509;72;1520757867959
60;1520757868588;36;1520757874018
61;1520757874661;72;1520757884284
62;1520757884738;72;1520757894932
63;1520757895791;36;1520757913902
64;1520757914742;54;1520757924657
65;1520757924851;60;1520757934489
66;1520757934921;36;1520757941454
67;1520757941992;36;1520757948813
68;1520757949062;17;1520757952764
69;1520757953146;0;1520758010440
70;1520758011336;0;1520758066839
71;1520758067652;0;1520758122616
72;1520758123005;0;1520758180898
73;1520758181205;0;1520758236584
74;1520758236599;0;1520758289693
75;1520758289850;5;1520758291216
76;1520758291895;36;1520758297387
0.109375;12.785140
0.041667;12.667802
0.048951;12.676393
0.128205;12.515427
0.042254;12.744428
0.051852;12.673478
0.076389;12.808412
0.024845;12.907536
0.074324;12.848479
0.025641;12.857974
0.035971;12.609210
0.080882;12.651858
0.095588;12.822447
0.034247;12.842055
0.097015;12.775749
0.076336;12.742854
0.025316;12.923299
0.054217;13.020488
0.012048;12.946881
0.030120;12.938573
0.006993;12.609442
0.013889;12.594994
0.000000;12.655108
0.013889;12.590531
0.096552;12.755316
0.021858;13.082408
0.047619;12.764010
0.018750;12.764552
0.018072;12.819093
0.006711;12.601857
0.036585;12.791848
0.031414;13.060813
0.035461;12.619737
0.050000;12.730754
0.090909;12.758025
0.123077;12.751471
0.074627;12.769944
0.028571;13.062490
0.057325;12.960348
0.034014;12.771389
0.036765;12.588828
0.036496;12.609958
0.069231;12.567079
0.014286;12.560422
0.021583;12.555598
0.029630;12.535138
0.021429;12.568162
0.036765;12.648942
0.037594;12.531991
0.006803;12.600180
0.029630;12.535138
0.013333;12.623400
0.021583;12.553302
0.139130;12.620846
0.076923;12.670692
0.059259;12.715197
0.043165;12.701445
0.053846;12.669221
0.014286;12.591047
0.021429;12.663932
0.014388;12.643860
0.007042;12.569968
0.101695;12.556423
0.063492;12.585087
0.029630;12.539241
0.014286;12.564525
0.014286;12.559932
0.071429;12.503688
0.035461;12.587203
0.061069;12.722317
0.187500;12.663261
0.060606;12.756709
0.076923;12.757870
0.142857;12.637435
0.080645;12.696956
0.099174;12.607224
