1;1524992028523;9.098275000000001;12.6533;1524992111084
2;1524992111084;9.830615;12.725;1524992199503
3;1524992199503;11.507249999999999;12.6291;1524992295681
4;1524992295681;11.4883;12.5837;1524992394531
5;1524992394531;13.44225;12.5966;1524992490943
6;1524992490943;12.378499999999999;12.6887;1524992586864
7;1524992586864;9.983244999999998;12.8963;1524992682781
8;1524992682781;11.73465;12.8594;1524992773443
9;1524992773443;8.983995;12.8157;1524992850694
10;1524992850694;8.911850000000001;12.627;1524992933962
11;1524992933962;15.000350000000001;12.649812;1524993029275
12;1524993029275;16.962349999999997;12.725;1524993130532
13;1524993130532;14.254;12.7141;1524993231891
14;1524993231891;14.300099999999999;12.636715;1524993327420
15:1524993327420;15.138849999999998;12.6179;1524993421735
16;1524993421735;11.8477;12.8213;1524993515510
17;1524993515510;10.27719;12.9074;1524993601937
18;1524993601937;9.481725;12.9355;1524993689991
19;1524993689992;9.21393;12.9216;1524993795491
20;1524993795491;9.19097;12.5979;1524993893000
21;1524993893000;5.6025100000000005;12.6408;1524993956045
22;1524993956045;6.325825;12.6928;1524994027160
23;1524994027160;8.887595000000001;12.6597;1524994112882
24;1524994112882;9.593385;12.8883;1524994194754
25;1524994194754;9.810195;12.9293;1524994274635
26;1524994274635;36;144;137;5.91077;12.6898;1524994310175
27;1524994310175;38;144;142;5.877504999999999;12.854928;1524994344803
28;1524994344803;114;0;201;4.6254;12.876;1524994377373
29;1524994377373;172;216;206;3.4686549999999996;12.6668;1524994402755
30;1524994402755;175;144;142;8.286845;12.9044;1524994435643
31;1524994435643;36;216;28;8.16054;12.8817;1524994475024
32;1524994475024;36;216;33;9.327135;12.6282;1524994515146
33;1524994515146;0;144;0;13.012550000000001;12.7055;1524994558966
34;1524994558966;0;216;0;17.9651;12.6262;1524994606340
35;1524994606340;0;0;0;18.962699999999998;12.6979;1524994655729
36;1524994655730;0;36;0;11.994250000000001;12.7522;1524994699358
37;1524994699359;0;85;0;11.24095;12.8797;1524994741054
38;1524994741054;0;36;0;12.6078;12.8729;1524994784560
39;1524994784560;19;216;20;7.984895;12.6807;1524994823511
40;1524994823511;40;216;129;6.04054;12.6062;1524994853653
41;1524994853653;42;216;35;9.459950000000001;12.6614;1524994888758
42;1524994888758;30;180;17;9.21393;12.6522;1524994925717
43;1524994925717;92;216;139;5.02238;12.6137;1524994954892
44;1524994954892;122;216;132;6.63422;12.6269;1524994984243
45;1524994984243;18;180;3;9.983244999999998;12.6428;1524995024898
46;1524995024898;84;93;48;9.144815000000001;12.6487;1524995065067
47;1524995065067;0;180;30;8.936005;12.599848;1524995103485
48;1524995103485;36;145;32;9.830615;12.5767;1524995143158
49;1524995143158;83;104;141;7.95979;12.6774;1524995174002
50;1524995174002;158;143;216;3.9678199999999997;12.612;1524995196083
51;1524995196083;72;180;44;9.051295000000001;12.6166;1524995230868
52;1524995230868;37;180;52;8.797260000000001;12.6293;1524995266921
53;1524995266921;0;67;0;15.4181;12.6808;1524995309878
54;1524995309878;0;204;0;17.58845;12.5999;1524995354031
55;1524995354031;0;0;0;15.18875;12.6438;1524995397419
56;1524995397419;0;132;2;9.983244999999998;12.7099;1524995437051
57;1524995437051;0;24;26;8.747544999999999;12.6056;1524995473042
58;1524995473042;113;216;136;6.925995;12.6281;1524995502372
59;1524995502372;144;216;138;6.720390000000001;12.6366;1524995531524
60;1524995531524;96;134;64;8.063205000000002;12.6171;1524995564286
61;1524995564286;79;157;140;5.877504999999999;12.6348;1524995593386
62;1524995593386;36;0;133;5.741035;12.5964;1524995623199
63;1524995623199;42;108;44;9.236740000000001;12.6055;1524995657552
64;1524995657552;57;144;41;8.11215;12.6118;1524995692200
65;1524995692200;60;144;44;9.744465;12.6398;1524995727156
66;1524995727156;9;72;27;9.304704999999998;12.5586;1524995763301
67;1524995763301;0;36;0;11.4883;12.579;1524995802521
68;1524995802521;0;36;0;11.1816;12.6175;1524995841377
69;1524995841377;0;36;0;15.919849999999999;12.6114;1524995884673
70;1524995884673;0;204;0;18.720100000000002;12.5686;1524995929279
71;1524995929279;0;0;0;20.727149999999998;12.6141;1524995976238
72;1524995976238;0;0;0;18.0501;12.6703;1524996021007
73;1524996021007;0;0;0;19.3104;12.5831;1524996066339
74;1524996066339;0;0;0;18.680000000000003;12.5965;1524996110598
75;1524996110598;0;42;0;12.43235;12.6292;1524996150157
76;1524996150157;3;126;36;9.349525;12.615;1524996185829
77;1524996185829;0;42;0;11.52615;12.6469;1524996225367
78;1524996225367;12;102;35;9.57202;12.6117;1524996261537
79;1524996261537;36;162;42;9.41602;12.6228;1524996296311
80;1524996296311;22;65;38;9.744465;12.6041;1524996332334
81;1524996332334;49;174;52;7.485425000000001;12.601282;1524996366371
82;1524996366371;48;139;49;8.409910000000002;12.6155;1524996400328
83;1524996400328;140;186;205;3.7263249999999997;12.6033;1524996424252
84;1524996424252;140;180;137;5.39224;12.5744;1524996455224
85;1524996455224;48;90;45;8.063205000000002;12.6346;1524996490239
86;1524996490239;0;0;0;12.124550000000001;12.6309;1524996530770
87;1524996530770;0;36;23;9.304704999999998;12.6264;1524996567428
88;1524996567428;0;0;0;16.45425;12.5575;1524996611533
89;1524996611533;0;0;0;15.1082;12.5628;1524996654771
90;1524996654771;0;0;0;11.4883;12.6223;1524996695227
91;1524996695227;0;0;0;12.664150000000001;12.553692;1524996736616
92;1524996736616;0;0;0;11.661050000000001;12.6705;1524996776284
93;1524996776284;0;0;0;10.481214999999999;12.6096;1524996815751
94;1524996815751;36;90;41;9.304704999999998;12.6349;1524996850240
95;1524996850240;42;128;45;9.167965;12.5999;1524996884842
96;1524996884842;51;144;135;7.237425;12.6479;1524996915579
97;1524996915580;0;0;0;11.373449999999998;12.6684;1524996956359
98;1524996956359;37;84;49;9.765155;12.7363;1524996990735
99;1524996990735;0;0;0;13.8407;12.6348;1524997032085
100;1524997032085;0;0;0;16.74565;12.7297;1524997075874
101;1524997075874;0;0;0;16.05395;12.6267;1524997119410
102;1524997119410;0;0;0;14.46175;12.7096103;1524997162166
103;1524997162166;0;0;0;14.6849;12.8067;1524997203582
104;1524997203582;0;151;42;9.144815000000001;12.8675;1524997239093
105;1524997239093;60;126;67;8.409910000000002;12.7796106;1524997272556
106;1524997272556;109;173;136;6.296525;12.6323;1524997302065
107;1524997302065;144;180;139;6.325825;12.6932;1524997331469
108;1524997331469;133;105;148;5.775675;12.7758;1524997360335
109;1524997360335;34;36;51;8.629055;12.7524;1524997394612
110;1524997394612;72;78;36;7.828200000000001;12.6881;1524997430224
111;1524997430224;12;36;40;8.797260000000001;12.6451;1524997464750
112;1524997464750;8;35;42;8.063205000000002;12.8796;1524997500124
113;1524997500124;0;0;0;11.260600000000002;12.9936114;1524997540072
114;1524997540072;0;0;0;11.3347;12.8874;1524997581747
115;1524997581747;0;0;0;13.30635;12.9071;1524997623373
116;1524997623373;0;0;0;15.062150000000003;12.6292;1524997667340
117;1524997667340;0;7;1;9.167965;12.6855;1524997706692
118;1524997706692;0;0;0;14.041199999999998;12.6228;1524997748722
119;1524997748722;11;36;27;9.41602;12.6218;1524997785465
120;1524997785465;19;36;25;9.593385;12.821;1524997822670
121;1524997822671;36;97;38;8.887595000000001;13.0688;1524997857887
122;1524997857887;0;0;0;10.90579;12.7367;1524997896996
123;1524997896996;60;120;61;8.50765;12.8475124;1524997930549
124;1524997930549;108;126;140;6.897824999999999;12.8944;1524997960781
125;1524997960781;108;131;130;7.9345300000000005;12.6811;1524997990746
126;1524997990747;167;180;164;6.10353;12.8946;1524998018879
127;1524998018879;216;216;215;3.13706;12.8385;1524998041959
128;1524998041959;216;216;213;2.8333150000000002;12.6466;1524998064812
129;1524998064812;84;86;132;7.040350000000001;12.6294;1524998095097
130;1524998095097;72;39;38;8.45903;12.5946;1524998130633
131;1524998130633;26;36;33;9.00392;12.7098;1524998166413
132;1524998166413;0;0;26;9.21393;12.7449;1524998202633
133;1524998202633;15;13;32;9.19097;12.9477;1524998239793
134;1524998239793;67;90;50;8.009865;12.8684;1524998274367
135;1524998274367;36;36;37;9.098275000000001;12.6656;1524998310161
136;1524998310161;71;72;68;7.098180000000001;12.6601;1524998343311
137;1524998343311;10;23;39;9.12162;12.7167;1524998378801
138;1524998378801;0;0;0;10.86426;12.6295;1524998419511
139;1524998419511;0;0;0;14.796500000000002;12.5452;1524998462138
140;1524998462138;0;0;0;16.204150000000002;12.6155;1524998505610
141;1524998505610;0;0;0;16.9792;12.6017;1524998550389
142;1524998550389;0;0;0;13.3395;12.6323;1524998604926
143;1524998604926;0;0;0;15.617249999999999;12.6349;1524998660416
144;1524998660416;0;0;0;13.6935;12.6047;1524998711836
145;1524998711836;0;0;0;12.0684;12.6168;1524998763443
146;1524998763444;0;0;0;11.6425;12.6109;1524998813365
147;1524998813365;0;0;0;11.02485;12.5834;1524998862219
148;1524998862219;0;0;0;12.357750000000001;12.6096;1524998912109
149;1524998912109;50;132;47;8.485335;12.6503;1524998948228
150;1524998948228;121;144;140;5.465190000000001;12.6439;1524998978539
151;1524998978539;65;87;42;8.65453;12.5908;1524999018394
152;1524999018394;0;0;1;9.983244999999998;12.7191;1524999058970
153;1524999058970;36;54;44;9.051295000000001;12.6302;1524999096890
154;1524999096890;0;0;0;14.6849;12.5994;1524999142659
155;1524999142659;0;0;0;14.31685;12.5914;1524999186192
156;1524999186192;0;0;0;14.46175;12.6203;1524999229303
157;1524999229303;0;0;0;12.08585;12.619;1524999269893
158;1524999269893;24;0;0;11.3153;12.6097;1524999308626
159;1524999308626;36;103;55;8.797260000000001;12.6169;1524999342829
160;1524999342829;144;163;135;6.812;12.6337;1524999372315
161;1524999372315;179;144;141;4.459125;12.6088;1524999401592
162;1524999401592;144;144;136;6.63422;12.675;1524999431120
163;1524999431120;40;41;44;8.3871;12.6593;1524999465555
164;1524999465555;0;0;0;12.15905;12.5881;1524999504564
165;1524999504564;0;0;0;11.0045;12.6233;1524999544003
166;1524999544003;0;0;0;15.158299999999999;12.5739;1524999586889
167;1524999586889;0;0;0;14.186500000000002;12.5117;1524999630306
168;1524999630306;0;0;0;15.062150000000003;12.6144;1524999674083
169;1524999674083;0;0;0;10.212589999999999;12.6328;1524999713808
170;1524999713808;0;18;2;9.830615;12.6864;1524999752983
171;1524999752983;54;98;53;8.31017;12.6313;1524999787550
172;1524999787550;145;144;131;6.10353;12.6278;1524999817884
173;1524999817884;180;178;215;3.87167;12.6056;1524999840535
174;1524999840536;180;180;147;5.943700000000001;12.6523;1524999869540
175;1524999869540;150;144;139;6.664435;12.6366;1524999899296
176;1524999899296;38;72;51;8.72252;12.6185;1524999934088
177;1524999934088;72;109;142;6.13829;12.6161;1524999963917
178;1524999963917;54;115;125;7.404369999999999;12.638;1524999994565
179;1524999994565;36;105;47;8.70127;12.6286;1525000028749
180;1525000028749;16;57;40;8.676015000000001;12.62;1525000063555
181;1525000063555;144;144;138;4.708135;12.6003;1525000093014
182;1525000093015;36;72;58;8.676015000000001;12.5316;1525000127481
183;1525000127481;36;36;41;8.31017;12.6169;1525000162760
184;1525000162760;0;0;0;11.450199999999999;12.5723;1525000202629
185;1525000202629;0;36;31;8.3871;12.5591;1525000239053
186;1525000239053;0;0;0;11.679499999999999;12.6288;1525000278859
187;1525000278859;43;42;43;7.984895;12.5647188;1525000313502
188;1525000313502;72;72;51;8.81806;12.6515;1525000347664
189;1525000347664;180;180;211;3.6767000000000003;12.6313;1525000370700
190;1525000370700;144;145;140;5.91077;12.632;1525000400190
191;1525000400190;72;72;59;7.909135000000001;12.6078;1525000434364
192;1525000434364;0;0;0;11.373449999999998;12.5388;1525000474109
193;1525000474109;0;19;36;8.911850000000001;12.6953194;1525000510317
194;1525000510317;36;25;31;8.188375;12.7353;1525000550157
195;1525000550157;0;0;0;12.0684;12.6415;1525000592309
196;1525000592309;108;124;132;5.135805;12.6884;1525000621844
197;1525000621844;144;174;142;6.233345;12.5958;1525000650808
198;1525000650808;48;60;71;7.95979;12.8166;1525000684374
199;1525000684374;62;108;141;6.75366;12.8552;1525000713520
200;1525000713520;104;150;133;5.248465;12.8258;1525000743370
5.960265;12.807174
1.807229;12.891746
2.040816;12.710501
1.986755;12.753252
4.000000;12.764423
4.761905;12.748530
5.517241;12.733540
8.396947;12.625980
5.882353;12.822525
4.069767;12.980369
4.402516;12.860064
12.080537;12.867804
8.661417;12.600490
5.072464;12.669169
11.023622;12.633204
1.242236;12.803845
5.625000;12.878665
3.910615;13.056066
5.405405;12.764423
3.658537;12.900208
2.976190;12.930317
2.758621;12.700465
0.552486;13.011329
1.183432;12.910245
0.675676;12.698891
2.013423;12.730573
4.109589;12.725130
8.823529;12.681915
6.802721;12.752632
4.142012;12.955704
9.150327;12.871674
4.895105;12.706734
2.054795;12.697627
5.797101;12.680547
13.913043;12.545871
9.523810;12.596955
11.023622;12.624690
19.811321;12.502888
9.677419;12.585629
12.598425;12.633411
6.976744;12.597884
8.800000;12.588235
7.031250;12.590454
3.546099;12.661378
10.743802;12.562254
13.559322;12.586403
1.333333;12.718757
8.264463;12.540660
2.877698;12.645459
4.794521;12.716977
13.008130;12.612900
11.016949;12.540660
20.588235;12.470793
7.462687;12.654180
11.111111;12.616099
8.943089;12.573374
2.097902;12.672730
0.689655;12.672962
5.000000;12.679464
5.343511;12.600490
6.153846;12.600490
4.411765;12.640635
15.789474;12.545252
12.295082;12.589757
12.396694;12.585165
6.015038;12.633204
5.970149;12.631888
2.857143;12.646749
1.369863;12.681682
0.689655;12.670356
1.369863;12.695640
2.097902;12.670124
4.545455;12.603096
3.401361;12.709546
5.000000;12.685140
4.285714;12.666822
2.816901;12.669427
2.097902;12.672962
2.158273;12.638029
3.623188;12.641925
6.870229;12.617260
2.068966;12.675774
7.692308;12.622704
4.477612;12.609442
4.477612;12.620562
2.027027;12.714397
3.676471;12.630598
3.703704;12.617956
2.898551;12.638029
9.022556;12.671233
4.861111;12.721027
4.054054;12.735759
3.267974;12.777555
2.836879;12.670743
1.775148;12.901189
1.829268;12.870100
