1;1525269529483;362;1525269562375
2;1525269562375;28;1525269594554
3;1525269594554;20;1525269628124
4;1525269628124;17;1525269661141
5;1525269661141;16;1525269690677
6;1525269690677;23;1525269722341
7;1525269722341;9;1525269751351
8;1525269751351;19;1525269780983
9;1525269780983;12;1525269808957
10;1525269808957;15;1525269837803
11;1525269837804;19;1525269871843
12;1525269871843;20;1525269907520
13;1525269907520;24;1525269941248
14;1525269941248;12;1525269975021
15;1525269975021;16;1525270008044
16;1525270008044;48;1525270040507
17;1525270040507;21;1525270069972
18;1525270069972;11;1525270098284
19;1525270098284;19;1525270128020
20;1525270128020;23;1525270156758
21;1525270156758;19;1525270185391
22;1525270185391;22;1525270214753
23;1525270214753;19;1525270243989
24;1525270243989;24;1525270273577
25;1525270273577;14;1525270303068
26;1525270303068;14;1525270331119
27;1525270331119;20;1525270359115
28;1525270359115;13;1525270387789
29;1525270387789;18;1525270416894
30;1525270416894;12;1525270446275
31;1525270446275;26;124;24;1525270460905
32;1525270460905;7;116;9;1525270474391
33;1525270474391;8;116;15;1525270488810
34;1525270488810;10;56;7;1525270496279
35;1525270496279;7;48;7;1525270502752
36;1525270502752;7;90;14;1525270515014
37;1525270515014;14;49;8;1525270520478
38;1525270520478;7;143;15;1525270538139
39;1525270538140;8;108;11;1525270550990
40;1525270550990;8;140;15;1525270568028
41;1525270568028;11;108;17;1525270580749
42;1525270580749;7;108;21;1525270593284
43;1525270593284;7;133;8;1525270608975
44;1525270608975;7;117;8;1525270622619
45;1525270622619;10;100;11;1525270634400
46;1525270634400;14;98;11;1525270645549
47;1525270645549;7;118;8;1525270658960
48;1525270658961;6;105;9;1525270670395
49;1525270670395;6;132;8;1525270685686
50;1525270685686;6;180;9;1525270708444
51;1525270708444;7;140;15;1525270725130
52;1525270725130;10;108;10;1525270737224
53;1525270737224;11;24;14;1525270740243
54;1525270740244;8;43;9;1525270745543
55;1525270745543;6;36;10;1525270749754
56;1525270749754;6;108;16;1525270762460
57;1525270762460;6;108;18;1525270774961
58;1525270774961;7;144;16;1525270792987
59;1525270792987;8;138;9;1525270809072
60;1525270809072;6;141;16;1525270826210
61;1525270826210;7;144;15;1525270843643
62;1525270843643;10;72;12;1525270851449
63;1525270851449;7;110;15;1525270863815
64;1525270863815;7;144;9;1525270880602
65;1525270880602;6;144;13;1525270897926
66;1525270897926;6;107;11;1525270910027
67;1525270910027;9;108;8;1525270922884
68;1525270922884;7;108;8;1525270935677
69;1525270935677;5;36;8;1525270940001
70;1525270940001;7;12;7;1525270941517
71;1525270941518;7;216;9;1525270975186
72;1525270975186;6;36;7;1525270979839
73;1525270979839;6;78;7;1525270990507
74;1525270990507;7;36;8;1525270994956
75;1525270994956;6;102;9;1525271006661
76;1525271006661;8;108;10;1525271018819
77;1525271018819;6;108;9;1525271031436
78;1525271031436;7;108;9;1525271043873
79;1525271043874;8;108;10;1525271056385
80;1525271056385;7;108;8;1525271068936
81;1525271068936;6;108;9;1525271081171
82;1525271081171;6;108;8;1525271093614
83;1525271093614;6;144;8;1525271110901
84;1525271110901;6;118;9;1525271124637
85;1525271124637;7;112;16;1525271137647
86;1525271137647;6;40;9;1525271141784
87;1525271141784;5;94;8;1525271152600
88;1525271152600;5;42;8;1525271157754
89;1525271157754;6;40;13;1525271162725
90;1525271162725;8;88;8;1525271172629
91;1525271172629;6;36;7;1525271177052
92;1525271177052;6;90;8;1525271187167
93;1525271187167;6;96;9;1525271198327
94;1525271198327;7;104;8;1525271210187
95;1525271210187;7;113;9;1525271223191
96;1525271223191;6;120;9;1525271237149
97;1525271237149;6;39;7;1525271241365
98;1525271241365;6;119;8;1525271254990
99;1525271254991;16;39;7;1525271259843
100;1525271259843;6;36;7;1525271264268
101;1525271264268;7;36;8;1525271268664
102;1525271268664;6;36;8;1525271273079
103;1525271273079;6;36;7;1525271277411
104;1525271277411;6;69;7;1525271285193
105;1525271285193;6;110;8;1525271297693
106;1525271297693;5;108;8;1525271310260
107;1525271310260;6;108;9;1525271322938
108;1525271322938;6;108;7;1525271334949
109;1525271334949;7;108;9;1525271347158
110;1525271347158;6;108;7;1525271360066
111;1525271360066;6;108;8;1525271372666
112;1525271372666;6;108;8;1525271384401
113;1525271384401;6;108;8;1525271396844
114;1525271396844;6;36;7;1525271401206
115;1525271401206;6;36;6;1525271405083
116;1525271405083;6;36;9;1525271409470
117;1525271409470;6;108;8;1525271422093
118;1525271422094;7;36;25;1525271427047
119;1525271427047;6;96;10;1525271438006
120;1525271438006;6;72;11;1525271445907
121;1525271445908;6;90;9;1525271456133
122;1525271456133;6;108;14;1525271468584
123;1525271468584;7;108;10;1525271480515
124;1525271480515;7;108;10;1525271493555
125;1525271493555;6;108;9;1525271506128
126;1525271506128;7;108;7;1525271518433
127;1525271518433;5;144;11;1525271535640
128;1525271535640;7;111;9;1525271548420
129;1525271548420;6;106;8;1525271560877
130;1525271560877;6;103;8;1525271572908
131;1525271572908;7;87;7;1525271582783
132;1525271582783;6;98;7;1525271593789
133;1525271593789;6;103;8;1525271605083
134;1525271605083;8;108;22;1525271617790
135;1525271617790;8;108;9;1525271630377
136;1525271630377;5;108;9;1525271642803
137;1525271642803;6;108;14;1525271655381
138;1525271655381;10;108;14;1525271668423
139;1525271668423;7;36;8;1525271672657
140;1525271672657;7;36;8;1525271677079
141;1525271677079;6;36;7;1525271681400
142;1525271681400;6;36;8;1525271685742
143;1525271685742;7;36;10;1525271690223
144;1525271690223;11;36;7;1525271694821
145;1525271694821;6;36;10;1525271698680
146;1525271698680;6;36;7;1525271702473
147;1525271702473;6;108;8;1525271715231
148;1525271715231;5;36;7;1525271720005
149;1525271720005;6;108;8;1525271732789
150;1525271732789;6;108;7;1525271745046
4.729730;12.915611
4.895105;12.690996
1.923077;12.760734
6.153846;12.583333
4.195804;12.675078
1.307190;12.707508
2.597403;12.757638
1.775148;12.876137
2.424242;12.863830
2.515723;12.805522
3.947368;12.731193
6.716418;12.638467
4.000000;12.743035
1.960784;12.742158
3.401361;12.717028
4.511278;12.590196
2.424242;12.863443
2.285714;12.956917
4.968944;12.863443
3.529412;12.937360
5.555556;12.703096
3.472222;12.676497
1.315789;12.728509
3.355705;12.714500
2.994012;12.885838
1.058201;13.071082
1.796407;12.851343
3.750000;12.833567
3.658537;12.873015
1.234568;12.794041
2.923977;12.929259
7.741935;12.837566
4.225352;12.666693
3.496503;12.674407
5.109489;12.643318
4.285714;12.657198
3.896104;12.762256
3.389831;12.997062
5.031447;12.845203
2.631579;12.734108
2.112676;12.644298
2.040816;12.694247
2.877698;12.627167
3.676471;12.604618
2.836879;12.650413
5.970149;12.623400
0.671141;12.683179
6.153846;12.583101
2.898551;12.620304
2.877698;12.627399
2.068966;12.660397
2.777778;12.668911
3.676471;12.607404
8.029197;12.686249
2.898551;12.614577
6.766917;12.606217
2.127660;12.634494
6.015038;12.610423
3.731343;12.590196
2.919708;12.610268
1.418440;12.624458
4.285714;12.651858
7.031250;12.581888
6.716418;12.624845
6.153846;12.574741
3.623188;12.633282
4.545455;12.577450
3.703704;12.594504
4.316547;12.630366
5.147059;12.615944
2.877698;12.624458
2.564103;12.757921
8.064516;12.554721
2.142857;12.627399
6.766917;12.623478
2.142857;12.627399
4.411765;12.608926
1.398601;12.641589
5.343511;12.577450
4.477612;12.594736
4.511278;12.587487
5.925926;12.636455
1.398601;12.638803
4.444444;12.604773
4.379562;12.621826
1.388889;12.648684
4.477612;12.600232
2.941176;12.597291
1.398601;12.644530
2.649007;12.710759
4.545455;12.577605
4.511278;12.584468
1.398601;12.644530
3.731343;12.584778
3.521127;12.650361
5.426357;12.566202
2.721088;12.681915
5.714286;12.670692
1.886792;12.770796
4.444444;12.604695
2.597403;12.756425
4.477612;12.603173
3.246753;12.767906
5.128205;12.813262
3.144654;12.819454
2.515723;12.805522
2.068966;12.668524
4.794521;12.724123
5.517241;12.715867
3.378378;12.714990
1.307190;12.744196
0.657895;12.704619
4.402516;12.833567
5.487805;12.896700
4.320988;12.863211
2.873563;12.967237
0.671141;12.688829
4.195804;12.670692
4.929577;12.678561
6.015038;12.612977
2.994012;12.889011
4.519774;13.016205
4.375000;12.824253
3.658537;12.867675
2.958580;12.913160
2.040816;12.688365
2.072539;13.079493
1.785714;12.883284
4.285714;12.646620
7.575758;12.622781
2.816901;12.660217
4.347826;12.642853
2.580645;12.775207
5.389222;12.926808
1.744186;12.913882
3.896104;12.762875
1.360544;12.678638
3.496503;12.680289
4.444444;12.615918
7.142857;12.561816
3.731343;12.590196
2.941176;12.594582
5.147059;12.618963
4.477612;12.603405
3.597122;12.637590
2.083333;12.658798
2.112676;12.644530
2.127660;12.631785
2.962963;12.587254
7.042254;12.709211